=============================================================
DECODER OUTPUT D5 - PER CHANNEL DUMP
Format: Channel -> 512 Posisi
=============================================================

=== CHANNEL 0 ===
0
14182
9935
13315
1122
6968
0
30381
0
8619
0
9669
0
32659
8755
24794
0
0
1798
0
9371
9126
18414
22470
0
4940
7596
8319
5441
1086
30095
9311
0
12229
20664
690
3410
0
5312
0
0
1567
0
0
0
13321
11177
32110
4121
20116
9779
33135
14787
0
12867
32191
13796
12194
7296
27918
0
32244
0
2043
4555
0
0
0
20621
0
10646
22068
19085
22245
11568
2222
0
10069
12638
21415
867
37104
3761
18510
6045
0
0
10450
7515
0
34110
2150
16242
7099
7490
4162
0
12571
0
4133
12170
0
0
5517
9964
0
0
20373
11455
24944
20499
21486
1582
0
10471
0
1643
6889
0
21634
664
10894
0
2995
3887
0
1156
0
0
6027
13046
30795
0
0
0
13240
0
12988
9438
6501
27482
2816
0
11942
3813
21230
11665
21438
732
0
0
13787
0
0
21297
17380
0
2290
0
10248
0
7957
8221
8450
0
23721
6017
0
26061
17970
0
13640
0
13528
0
3238
0
11500
0
21966
16161
0
7813
0
2451
256
0
0
0
30049
0
24717
13543
0
17236
0
16689
11381
10715
855
16404
0
22381
24229
0
0
24059
13541
0
0
0
11686
5419
9213
7090
3158
12129
1776
21606
0
22208
21481
5265
7356
13721
0
1986
0
6374
0
0
2609
3859
19556
0
17927
0
0
4056
2351
0
9369
0
0
6992
4614
1402
0
22316
4493
3315
1247
6329
21519
14494
14109
0
0
1618
13079
16016
0
0
14531
0
478
994
0
6310
665
0
1135
30881
0
18470
0
24357
5283
0
0
0
0
24087
0
0
20190
25210
0
0
0
27183
0
7354
17392
13633
10370
0
0
0
13308
20875
2481
3767
17507
0
12008
0
23067
11141
15194
0
8951
0
2275
23187
0
0
21423
0
13268
0
4143
0
13844
31810
7883
5433
0
8936
0
484
11165
6206
1973
13935
25042
0
2471
2681
1253
10644
3960
0
13954
0
4761
35379
0
0
5104
12256
27740
0
12869
0
0
21516
16412
0
2320
10086
9055
15479
5781
0
0
27819
7121
11761
1001
17143
0
23332
0
12800
20119
14033
6582
5921
4178
0
16706
0
0
0
0
0
3882
8351
0
11855
0
0
2668
11945
2815
9216
0
17052
0
10113
0
0
6614
7074
0
0
9974
1332
0
12162
5348
0
0
18320
0
8318
0
0
0
35577
3521
370
6485
522
0
0
12698
2313
0
2555
0
0
8845
0
11818
7890
12235
12421
27326
15990
0
2186
14490
15732
27098
0
19865
5399
6091
4490
11211
7726
0
22281
8984
6389
12341
0
1059
16802
5024
9724
16332
15213
14951
22405
0
9565
0
14997
10252
0
0
593
2091
36964
3327
8716
12249
28647
2447
2601
7072
0
0
12966
10623
823
2311
730
1917
7014
20069
23153
23454
10747
0
4935
355
0
0
10374
0
9175
16565
4174
0
9392
0
0
0

=== CHANNEL 1 ===
2569
10663
0
13315
0
0
7396
0
9104
0
18117
13135
8821
0
9303
2547
17776
0
5013
16574
10112
20844
18843
0
12393
25376
18266
4124
0
13698
7382
6601
6626
0
2220
0
15459
0
281
16822
7155
12169
0
16109
4055
0
0
25697
29267
0
0
6208
0
4408
0
9696
0
3120
8320
0
8391
11296
10624
0
664
14465
10051
5776
793
0
0
17841
2926
1164
5867
8043
12768
19725
12609
0
15511
5263
4516
0
11444
2396
15404
5222
6320
577
0
8524
7551
0
4853
219
23516
15263
25548
0
10932
4437
10107
0
0
11912
0
15606
10200
3342
3277
5527
45983
0
6264
15773
11005
5039
0
12410
0
0
5031
0
8333
16049
19765
12403
0
0
795
9682
10267
7724
16254
15791
8827
3083
3092
8334
7514
17117
23677
13089
0
13770
16468
2324
14291
633
8624
0
6951
5144
0
1783
22437
0
1324
1861
0
9447
0
0
21239
12863
11273
23430
23603
0
0
0
0
0
11669
4573
4140
6577
0
0
0
0
11961
0
16176
102
4282
0
9807
0
6542
0
12056
15752
16535
0
11690
0
12878
5183
0
14095
0
2339
0
24148
16578
7621
0
26351
0
3143
4478
14740
17505
1827
0
19075
4540
0
5038
7901
11877
28012
9124
13552
15980
18928
0
0
815
0
0
0
0
0
0
13682
0
16582
26384
0
9986
19468
17828
11815
21523
11344
8997
0
0
6535
0
0
7595
6194
2604
0
16502
12919
0
12039
0
11238
0
0
0
3538
3754
6655
12467
0
18968
4526
15648
0
0
3439
4513
3757
25523
15179
11717
17229
8905
3288
0
0
0
6661
1905
12054
3277
39688
6452
0
28202
17330
9155
15558
12050
4575
25840
15741
8015
5788
19318
14070
0
9356
0
15402
32202
8255
2684
3877
0
8277
0
2956
7732
20335
1632
6932
17
21648
15965
3978
0
22291
17927
0
0
4971
0
8403
10774
10605
0
0
0
0
17029
13621
20920
7283
16394
0
17454
19739
10360
21844
16476
24639
23728
0
0
0
10802
7755
2786
10636
10741
12897
19752
20266
16781
7072
22899
4200
3567
19162
18685
1719
268
1321
1960
0
27308
0
33263
357
9764
5568
9194
6884
17229
0
0
18258
0
11917
14143
6204
9596
13952
0
24152
0
9191
26654
0
24025
0
5455
0
7792
0
13941
17642
6676
1674
15742
24607
2566
0
0
0
6275
19674
0
17992
24180
7307
27610
10299
0
8960
13235
0
10135
8410
14327
17212
12462
0
1631
3957
29069
22265
0
0
7287
21629
6917
8004
10883
24173
8450
0
21497
0
0
21686
0
10292
0
0
0
3321
0
5633
2557
13762
3848
7118
0
4882
4738
12672
0
18291
25950
0
7556
13401
0
22993
0
3897
0
5504
3319
12196
10835
2055
12587
6784
14601
0
0
0
0
0
2902
310
2619
0
0
4068
7914
0
8964
7108
1551
0
3059
0
0
0
0
1749

=== CHANNEL 2 ===
0
0
2849
2640
1656
2660
0
0
1781
0
8838
2946
0
0
4637
0
13551
0
5574
5039
0
11394
16066
0
7942
1858
3509
0
0
4081
15224
7183
19802
5070
0
5556
0
0
0
0
0
15903
0
16731
0
0
199
0
28222
0
21206
0
0
20389
6490
0
23701
17728
15093
15302
17550
1772
14466
0
0
4643
0
0
0
0
0
0
0
0
0
0
1875
0
0
0
3926
0
0
0
11515
15327
4644
6163
34224
0
3844
4042
6234
0
0
0
7581
17970
14997
0
0
0
0
3210
1742
22899
6099
1421
16056
3016
4572
0
7088
0
0
11940
10787
8982
0
13946
12801
0
3493
5413
8583
15580
21679
21399
0
10981
1943
0
21594
8895
12427
10416
4748
0
2638
3846
20363
6222
11143
26365
9450
0
0
4555
10413
0
7640
0
11569
111
0
5209
8204
15373
0
17287
4704
0
0
0
2046
0
8977
0
4539
6357
3811
0
0
0
6456
0
0
7072
8229
2908
3053
2444
1663
0
0
0
0
6009
3562
5141
10341
0
2470
6953
959
5587
6183
0
0
0
0
15816
9743
15149
1510
7660
1933
0
2090
9838
7500
12200
2196
7538
10753
0
0
0
0
0
1663
0
1460
0
1021
5730
0
14135
1804
0
0
0
0
4017
2847
0
8276
25648
892
14415
20915
4263
16948
6394
0
6093
10672
0
0
12029
1605
19133
0
0
0
0
4326
1858
0
13074
3755
642
0
10952
14520
8645
4270
2794
7926
0
5571
334
0
0
0
3163
0
0
0
0
124
16298
1329
22044
0
2582
2866
0
0
16517
5859
14671
0
9639
4741
4995
546
18825
14019
11943
36522
8961
19905
21700
18724
0
7299
12185
4249
3157
9256
4939
7955
0
0
0
0
29448
7733
0
0
8916
3743
4832
0
1476
0
14097
7261
12287
2154
6015
0
13356
0
6061
0
0
0
1692
4252
4790
0
1659
0
9622
0
0
0
11612
0
0
5128
0
13716
0
15085
7541
4203
11178
2836
0
7006
10113
12814
6739
2657
2408
15197
0
0
0
0
0
0
4919
8364
0
5569
0
0
4564
21872
23910
17150
3760
0
0
4068
16364
0
4497
0
1341
17135
0
0
11340
765
0
0
0
12425
0
5669
0
1505
0
0
5007
0
0
0
2730
0
0
0
0
0
21613
26843
0
0
0
0
0
15775
5138
2115
0
0
0
1746
11054
6371
0
11591
1774
14783
13642
17687
0
0
21540
2214
212
0
7267
1831
0
1869
3867
11482
24576
5970
31048
1524
5092
0
0
2420
32990
24510
5708
19048
7436
9350
3611
0
14502
3098
3180
1066
0
0
21200
11842
0
0
108
2367
2395
0
6466
5120
0
0
11716
2150
0
0
0
19939
0
0
0
7159
0
0
0
0
0
27381
7379
8699
0
6945
4407
0
0
0
5893

=== CHANNEL 3 ===
0
0
12090
0
0
0
0
0
4123
0
0
0
0
4956
0
9766
7171
0
0
14265
0
0
0
0
0
0
0
0
0
0
8482
5067
12726
649
0
0
0
27692
0
0
0
0
0
6393
209
0
0
9507
0
0
0
0
0
19841
0
674
33742
0
23854
19536
2656
7631
4308
13817
5965
0
0
18291
0
0
0
8132
0
0
87
10332
8218
0
0
7590
11877
10419
0
777
2891
0
0
1244
0
11018
0
0
8903
15150
0
0
0
0
0
0
0
0
0
0
4005
0
0
0
0
5502
0
18863
26785
4073
0
2496
0
0
9093
23242
4228
2249
0
5013
0
7203
0
18903
0
505
6017
0
4470
11916
0
13625
29198
0
0
430
26214
0
0
20241
0
11145
0
2133
0
9859
0
0
0
0
0
0
1950
0
0
0
0
0
0
0
0
4366
0
0
0
515
0
2776
0
0
0
0
0
13698
0
0
21187
0
0
0
0
0
0
0
0
22576
28886
2934
27454
5000
0
12554
0
6732
0
0
1933
173
30146
0
0
0
0
7274
7236
0
3846
539
0
13653
0
0
5587
0
0
2579
0
0
0
0
0
5273
0
0
9588
9736
0
3648
0
4478
23224
0
0
7032
0
25232
15967
0
0
2460
0
19285
13362
0
0
0
348
3284
0
3988
0
0
0
14032
0
23545
22087
0
16713
0
23550
0
0
0
1849
1255
0
21412
5490
0
0
0
2497
0
0
1082
0
0
0
22257
0
0
0
15097
0
8590
0
21104
5132
10495
0
12777
7553
0
0
28935
0
18968
1976
15536
12354
0
5387
0
0
2203
0
1697
0
0
3032
0
0
534
0
0
2109
0
2642
0
8098
928
3876
0
5837
0
0
10543
0
3826
14356
0
0
0
0
993
0
2654
0
19814
3288
0
0
34559
4717
3252
0
0
11331
0
0
0
0
0
5333
0
0
0
3479
6485
13717
0
0
3516
0
6037
0
19115
0
0
0
0
2954
0
0
0
0
1247
0
7642
12037
7781
0
5474
120
13295
0
0
0
0
13722
0
13759
0
0
0
0
0
0
0
0
0
5731
0
0
1034
390
0
0
0
0
1160
3966
0
0
0
0
0
0
0
9179
5407
3440
0
0
0
0
4425
0
0
0
0
0
2022
3638
5105
2644
10700
0
4803
1506
0
0
0
0
0
3190
0
1046
4588
1918
1048
11197
27214
0
0
32633
11606
10224
0
23528
745
12716
0
0
3472
0
0
8823
0
0
0
0
0
13210
0
15208
0
658
0
0
0
0
3761
0
0
10996
0
5512
0
0
0
0
0
83
0
0
0
0
0
0
0
0
0
0
0
5488
0

=== CHANNEL 4 ===
9291
0
8331
8206
5223
18852
0
5612
5989
15554
0
13100
0
11815
0
4113
11500
31273
0
3
0
0
23204
13250
0
3920
0
8144
0
0
9894
22822
5013
17514
4504
2378
15534
7133
2856
0
0
14848
9477
0
10433
11026
9055
0
11185
24174
12325
9671
4273
0
19223
0
2655
5023
1893
10202
11528
3830
0
0
0
0
13234
0
3353
10681
11401
0
5534
3969
1750
1061
11909
9451
7419
0
15694
18073
10773
18042
0
6062
0
3761
21043
4460
7463
9678
8835
21881
9050
6851
0
27187
0
9125
2479
2082
6032
1085
12195
8737
3480
0
0
13201
10092
0
17854
4116
0
8715
6556
0
0
0
4374
13690
10035
8755
8163
10951
11201
0
0
5411
18041
4846
3548
36798
16514
7946
15329
8670
0
7858
12009
0
1312
0
11151
0
3425
16413
0
2126
0
18520
3678
13957
19553
0
1270
7645
4882
0
5616
0
0
28783
4906
11140
2556
24276
1081
16560
289
5885
0
8623
6124
9542
0
18656
6055
0
0
15575
3665
0
989
4047
0
19162
11733
0
1824
6952
7088
3017
0
0
0
0
2896
0
20699
9125
19156
0
3125
15479
11500
21376
0
5638
18
23761
18976
11378
0
0
13995
52
0
17045
3031
0
0
12411
6960
1390
8487
2601
26357
0
9900
3804
1367
4560
0
10098
11062
0
0
11459
17070
0
0
26725
0
0
6487
3217
15734
0
2691
0
10781
17393
2694
3972
6890
8410
18563
1076
8017
0
2854
8593
14808
4613
0
11499
3058
15391
0
0
17393
0
0
847
0
8056
0
0
0
8399
8481
11276
0
8680
12483
0
10280
0
13214
0
5928
0
289
3292
0
12884
8637
17372
24586
1559
18509
13986
0
25028
0
7112
7013
6744
11182
12637
0
0
0
1797
5360
0
15601
3721
487
29821
8739
0
14987
0
6160
0
0
6125
0
10136
0
22217
3756
6365
8475
0
5640
12687
10301
0
11878
0
0
0
4349
1952
5875
7911
0
6095
13480
5759
0
0
0
0
0
28075
6727
12751
0
769
0
10758
11439
13004
2143
0
34682
0
8996
4049
0
20770
628
14625
0
0
6880
5722
8495
23981
14217
5283
338
7612
17067
0
12709
14368
1808
7599
8378
0
1868
541
5211
9307
1247
27133
5329
8952
6106
0
0
0
0
2706
0
6032
0
21
15294
0
176
13877
0
19193
5099
21412
7167
16999
0
5007
6444
6927
0
4628
3166
3539
7646
0
0
29603
84
10763
3564
1192
12805
0
11872
7254
0
13971
0
17214
12434
0
0
5948
11964
0
6363
0
21692
19993
15642
0
7354
18042
7758
0
4714
0
7207
0
0
9696
13363
0
0
4735
0
0
15831
0
8632
3683
4232
24647
3594
0
0
0
0
6971
10631
8334
6705
11466
9553
20246
0
0
6391
0
1644
309
0
17135
0
10081
0
6321
7081
12245
9856
0
0
0

=== CHANNEL 5 ===
8303
0
0
0
4752
9724
0
0
13778
7493
9180
25441
10639
5033
8636
11103
6107
0
0
0
18639
11940
25160
7104
4600
14059
13065
38075
10445
2874
4838
18465
1203
14176
28290
0
20798
0
9771
17158
0
15946
0
5122
27822
6306
24488
0
24471
0
0
8575
0
5160
17333
13963
13457
0
24107
0
21081
6001
0
0
37778
6093
19211
5475
11352
8920
0
0
3662
3921
0
9550
17276
16943
0
8386
24237
4716
0
11059
0
0
0
27480
0
8328
0
2533
7121
11762
19796
20718
3262
19258
19286
8974
10064
18763
0
0
0
9474
3115
0
5321
672
14061
0
24113
0
8859
0
0
0
0
0
9316
16459
0
6421
4985
10765
0
21948
7251
22787
0
0
0
7108
6597
3006
15195
0
21277
9342
15556
6870
1548
12163
16193
0
0
0
0
23317
2682
3754
1024
211
0
11028
0
1928
5524
4908
0
0
8982
10095
0
9086
11576
35572
0
10568
16707
684
2528
19963
0
7516
1266
673
19416
19322
0
0
0
0
0
5888
0
14163
5841
0
12795
0
0
0
4687
5649
0
4509
27033
30288
0
23654
11650
0
10109
10296
0
16960
8043
1511
3966
10229
5364
7762
7500
9057
12986
21061
0
33898
3649
18323
20601
0
13971
26365
0
4174
6752
869
2286
11157
0
17627
5634
0
17148
0
10303
17919
17308
17588
11327
12828
9115
16814
4066
6005
0
13617
7245
0
8275
11762
0
6400
12112
32377
24698
7346
16854
2430
12365
1281
8458
0
0
16339
0
17463
13358
14647
6430
0
0
3860
0
26209
1594
846
25880
32900
7896
31861
6887
1545
2913
4172
5426
16256
24506
8201
3756
23706
25394
10049
10007
4571
16671
23011
9102
12627
2868
8730
16999
0
8352
0
11501
6834
6910
20298
0
11943
6382
5026
0
0
5514
0
0
5233
16415
0
5824
3463
7900
0
0
0
12451
0
19267
0
7198
0
6203
0
0
36742
0
19121
2025
6065
32876
7553
11921
15428
15326
13110
10954
0
10116
324
11122
5691
0
11319
15978
0
5554
13435
7392
7023
20469
12396
15916
21648
20236
25779
27912
19459
5492
30522
7996
11283
14717
4855
17249
11785
18283
328
0
0
13452
0
19880
0
11951
10241
5282
16118
14687
11256
168
3746
2066
15446
13848
20947
34265
14104
7692
32834
3883
21205
11236
4828
0
4433
0
4718
30242
33543
0
12115
1151
9839
0
13276
5002
17553
17353
31745
0
13920
2424
28381
0
36388
10974
6796
14819
24369
14838
31607
10023
31041
12501
0
15782
18832
17624
0
12020
0
20872
33534
20272
0
5189
0
0
0
6405
0
7253
0
8791
0
0
1989
7349
13874
21069
0
2742
7414
10555
40933
10469
32385
6871
6011
3298
17364
3978
3620
26637
6236
0
0
13724
8743
13436
6146
0
0
14967
9623
0
6331
0
2983
3147
9081
4942
0
7859
0
0
3795
0
30442
2930
6883
3326
0
0
0
0
8689

=== CHANNEL 6 ===
0
0
125
0
3866
0
0
5220
0
0
0
8445
0
1943
0
0
4036
0
1227
0
0
0
0
17453
3346
0
0
7909
0
0
11361
3261
0
4006
0
1740
0
14757
0
0
8286
0
10821
0
9943
0
594
0
0
19010
5678
0
16515
0
0
0
0
12510
7989
1315
0
0
0
4166
5341
0
4490
0
0
0
9782
1527
6851
0
9946
0
0
0
18046
1120
0
0
2444
0
0
6154
0
0
0
3474
0
0
0
0
5419
0
0
3733
7312
0
0
0
567
0
15626
0
1444
5271
0
15015
0
0
0
3918
2409
0
0
0
10439
4399
0
0
0
7224
1923
4740
4393
7636
12458
0
18724
0
0
11434
13034
0
0
3638
0
8495
0
0
0
6391
5178
0
0
7684
0
1869
6759
0
0
0
0
0
0
3707
0
12677
6984
0
5388
2036
0
2129
0
0
0
1046
0
6096
2209
0
8478
0
0
0
7921
7344
0
1708
5757
9033
0
4854
4342
3980
0
0
1742
0
0
0
0
4340
0
0
0
0
7579
1157
6179
15120
6203
3211
0
0
0
0
0
18009
1035
0
0
0
0
6326
0
0
1907
0
0
0
0
0
0
0
0
0
0
0
2187
0
0
5275
8148
1358
23722
0
0
0
11809
7481
4978
0
5587
0
0
0
3485
11921
0
0
0
971
0
0
12515
0
0
12412
14845
0
0
7543
9285
0
0
0
0
0
0
0
0
0
11964
0
11698
0
0
326
0
3571
0
0
0
2356
0
0
0
0
0
9936
0
15001
6305
3454
0
1228
0
0
0
0
169
4451
0
3366
0
0
2103
0
0
0
0
0
13416
533
0
5775
285
0
17173
0
1347
0
10263
5938
0
0
0
0
0
3333
0
0
21049
0
0
16185
0
0
241
0
0
0
0
1352
2988
0
0
0
0
12591
0
2542
0
5840
22257
0
0
8112
5484
0
0
0
0
627
0
0
19661
0
1972
1621
0
16488
80
0
0
0
2621
0
4983
10706
2324
9035
0
0
6248
0
466
0
0
0
0
0
361
0
0
0
0
12795
4527
9596
0
0
0
4887
0
9769
0
5151
0
0
2208
0
0
4194
0
0
0
22381
0
8377
3234
0
0
0
0
9500
0
546
113
0
0
0
0
0
0
15844
0
5005
3734
0
0
7880
6068
2222
3656
0
6259
0
12201
0
0
5944
19662
3628
789
0
1742
1249
6070
0
0
4442
0
0
0
0
0
0
0
0
0
0
6776
0
0
0
6744
9735
0
0
0
0
0
0
0
0
16209
0
0
5773
503
2587
19546
0
2062
0
0
0
0
0
0
0
4410
0
6839
0
10757
4163

=== CHANNEL 7 ===
0
0
0
13870
8922
2502
3425
1159
11785
0
10323
4671
14077
0
7560
0
0
8239
0
0
0
5676
3733
10897
0
0
0
0
0
0
5608
1246
0
0
0
0
6875
469
0
14112
0
0
11124
8813
167
0
1641
5994
0
0
11802
0
0
10821
4404
0
0
0
0
0
2972
0
0
0
1989
0
3948
0
0
7644
0
0
0
0
0
577
5701
22086
8622
6520
0
0
15982
0
0
14300
13755
2364
10083
597
0
0
379
0
0
6822
0
20594
4483
3222
18332
16075
4851
0
4093
0
0
0
0
9848
4660
5582
0
0
1739
12695
0
5685
0
0
0
0
6905
0
13668
1361
0
15612
37
2175
8160
0
0
0
5624
0
425
7303
0
16864
5760
0
0
14496
0
0
2075
0
10950
0
6252
0
7678
0
11387
6970
0
1174
1870
0
0
0
0
0
11415
0
318
60
0
0
0
0
18932
0
5284
0
13422
0
0
5224
0
2028
21919
0
0
619
6820
0
6768
0
0
0
0
0
964
0
0
0
0
21293
16961
0
0
0
0
8779
10115
0
0
0
6720
8673
9682
7585
0
0
8130
13927
0
2829
0
0
10300
5540
0
16028
0
0
8271
0
0
12340
13751
0
8276
0
2229
5089
2276
0
7290
0
0
0
9553
152
0
0
22264
13984
0
1113
12070
0
0
0
2111
9914
0
0
0
5447
0
4628
0
432
0
0
8510
5490
0
238
13463
0
15150
1027
7311
0
2625
11998
828
3877
0
0
0
0
0
3219
6171
0
0
12117
0
9099
0
3287
0
0
0
0
0
0
2766
12955
0
0
0
0
0
0
2915
9906
0
0
0
30625
0
0
0
0
0
0
3202
0
0
1038
0
7337
0
113
0
6199
0
0
0
4254
6067
5324
2431
0
14850
0
27714
9742
0
13320
0
14881
0
0
151
0
0
15247
0
0
2391
0
6954
0
0
14312
0
15925
0
0
8146
0
0
0
0
5396
790
0
0
0
0
0
9329
6954
31273
0
0
409
25246
12268
0
349
14711
17666
18829
815
18960
0
0
0
0
0
0
3947
0
0
0
0
12990
2524
7097
1937
9422
6078
0
0
2268
0
0
8052
0
7202
0
0
259
16452
14066
0
0
12153
0
3941
0
0
22679
8847
15152
26381
0
4294
3985
0
0
0
0
22567
0
8134
0
0
5164
0
0
304
0
0
273
14301
0
66
0
0
3229
0
2594
14002
275
0
7053
0
0
0
5602
13353
8665
0
5128
8497
8096
6057
0
8085
2757
0
0
17486
8067
0
0
8399
0
11989
11430
0
13771
4720
2827
0
22088
0
8193
0
0
0
695
8506
0
0
0
0
0
4650
6062
2061
22643
0

=== CHANNEL 8 ===
5633
817
0
475
7547
0
7785
11707
0
0
0
0
0
9168
0
0
0
774
9950
0
10166
0
0
0
0
2276
336
15799
2764
0
3564
3727
0
2537
492
80
0
0
0
10436
0
2832
11752
0
0
20246
7064
0
0
7999
18266
5276
11619
7099
3141
3393
0
0
0
500
0
3446
0
3947
6122
12282
8106
0
13974
1266
0
250
18316
0
0
1867
12944
0
1566
0
5296
23589
0
0
0
0
0
0
0
8723
18291
0
0
10638
4240
15367
0
7100
3775
0
0
0
9557
14236
9244
7530
4544
0
10335
8258
0
0
0
0
0
5291
0
0
5504
606
5971
0
11612
0
0
0
0
0
21641
5430
6687
9759
6378
0
0
0
3846
16246
4753
3836
0
0
0
0
12234
0
4809
0
0
5743
0
2729
15453
0
4573
0
0
1969
0
18377
0
11058
12221
12776
0
5606
0
5094
0
16351
0
11965
18927
0
0
0
4080
5587
1454
21936
10628
0
4759
0
0
0
0
0
6893
0
0
16994
0
300
0
0
4062
0
0
0
0
0
0
0
11655
0
0
0
0
0
1463
11195
9664
0
0
0
21821
0
0
2279
5895
0
0
0
13968
9168
0
0
0
2673
10581
8244
0
0
0
1824
16061
0
4814
7334
0
0
0
5455
0
0
16218
0
12558
3162
2005
0
333
0
3554
0
3358
9141
0
8086
0
18974
10070
6646
1840
4283
13851
14677
0
13256
2706
12956
0
0
6004
11087
3495
6091
0
0
6400
4492
0
1288
0
2891
10460
405
13573
0
0
0
0
0
12446
0
0
0
0
11076
0
0
0
5437
0
0
0
0
7557
0
0
0
9251
0
0
15435
955
0
0
4453
0
0
3691
6312
15698
0
0
0
0
0
3227
1309
148
4370
16801
1527
0
0
18913
4524
0
9640
0
0
1657
15014
7306
7184
0
0
0
0
3868
0
0
20540
0
4938
1303
1157
1776
491
0
7551
0
0
0
9649
0
0
14051
0
0
0
4425
1424
0
4442
2059
0
0
7610
1560
646
0
553
7930
0
10234
3163
3260
0
1656
15330
0
4400
9705
0
4762
0
0
13101
0
0
2568
0
0
0
0
0
0
0
0
0
0
0
13098
6734
2767
6031
0
0
0
0
0
26601
12470
0
0
0
5510
0
0
2789
256
3300
0
7360
0
0
7738
5652
7804
0
3465
18733
0
5025
0
12823
0
1618
0
5093
10697
10931
9375
0
19892
0
3878
3012
0
0
7647
0
12454
0
5396
5002
0
0
0
0
6834
0
14882
0
16000
18389
0
0
461
0
6005
0
12532
0
0
158
988
9141
3810
13763
687
12182
0
0
10954
0
2115
5405
0
21366
0
6838
10369
1414
2938
0
32092
0

=== CHANNEL 9 ===
5968
0
0
0
5775
0
15278
0
6539
3942
0
9425
16147
15082
0
319
0
0
5961
25085
4912
0
1051
29489
6604
0
0
13698
6035
1408
9374
0
0
0
8448
0
16211
834
1023
6009
17701
0
0
0
13982
0
0
26549
0
9855
0
0
0
0
0
8786
5885
0
0
0
24957
10330
1989
0
29163
9525
5873
8399
0
1144
1011
15755
0
0
2937
9152
0
10591
0
0
8573
4242
4598
0
4034
3601
10420
1375
0
0
0
0
0
0
19888
19165
11114
5671
5417
3865
0
0
4339
3257
19317
0
17137
17383
0
13565
0
9906
0
760
8510
1414
18725
2068
0
0
0
0
0
12899
32432
1003
11034
0
0
0
0
24304
0
0
4417
0
1746
0
0
0
328
0
0
0
9874
0
0
10097
0
0
19208
6568
0
17353
21969
15796
5191
8874
20968
0
0
0
0
18993
333
11770
0
11095
7926
0
16713
9409
1644
16976
8602
18510
11746
2137
15132
0
0
11666
0
13494
3843
6542
7888
0
25943
34760
14028
0
0
0
3692
17533
21575
6147
31123
9476
13537
0
644
0
0
0
0
3713
11040
0
648
4234
0
16379
0
0
0
0
0
4602
34667
26832
9027
15575
0
0
0
0
7143
0
9727
1859
16667
0
13412
0
17495
5765
19402
16125
9796
0
0
0
0
29052
0
0
660
17482
8875
0
3937
19318
0
0
7407
0
8721
0
15668
0
21037
0
5896
0
0
0
16708
17985
11467
4271
33744
9842
0
0
6331
0
16853
19744
8511
15365
11334
20613
13809
0
0
13628
12048
6748
2565
3416
4709
0
0
18822
0
0
0
3030
2727
0
7665
0
818
0
0
0
0
0
13811
3317
2603
0
0
0
1584
0
0
981
0
120
0
5943
0
0
1462
6507
0
0
0
0
0
0
0
11116
8203
9243
6900
29805
15313
22183
24691
24414
4260
1676
0
4757
8060
25889
22504
0
2017
28753
8967
19948
8907
9219
1501
0
0
6891
0
0
0
0
0
0
0
4324
8292
17171
15230
0
1581
16802
703
28192
6689
1762
9549
6290
0
0
0
0
9296
5300
0
0
19522
14205
9438
18240
8921
15729
8564
0
0
258
995
24429
0
19417
21124
17784
10819
15040
0
2560
8697
9390
0
4653
5243
0
6210
7181
5374
0
0
0
12745
9920
0
18391
0
2583
0
19443
0
23251
30696
0
0
12499
0
8172
0
4590
0
4740
0
0
4756
9985
3869
0
8083
26455
22053
0
0
0
0
0
0
0
10382
15633
10826
0
0
0
6639
7024
339
12243
0
4187
22560
8313
6578
0
2484
0
0
0
11816
6866
7632
3592
13673
7494
0
15213
4302
25308
0
0
0
0
11790
11610
0
560
6906
0
0
22964
33960
8517
30200
0
3665
28052
0
0
6555
19973
0
3822

=== CHANNEL 10 ===
244
8826
0
300
206
0
0
0
0
0
0
0
22192
6939
12249
0
4598
0
0
10563
7528
4694
440
7681
4812
3779
1926
10822
3637
10327
13963
0
0
0
0
7730
10851
0
0
0
6794
0
9843
12570
0
0
6470
0
10781
0
19327
0
0
4190
16420
0
4018
7336
2552
11304
10563
2714
2890
5392
10413
2783
0
3767
0
8334
5848
0
0
6935
962
0
0
4406
6906
0
0
4053
19772
0
0
10912
10981
0
0
2460
0
0
1291
4409
0
0
0
0
0
5592
15669
0
7639
2865
0
2390
5879
0
0
8553
9245
0
0
0
0
0
5878
1254
0
0
0
6804
18848
8218
13477
0
0
7546
0
10703
13850
0
0
0
7327
0
18336
0
0
0
4659
0
0
0
1349
3618
9628
0
6107
609
9620
6850
2783
0
0
0
0
0
792
0
13865
19330
861
0
2913
0
0
0
12837
5909
0
5618
12292
0
0
1534
7871
0
3681
7895
12947
20559
726
1674
0
0
0
5113
0
0
0
0
0
1444
0
0
8261
88
1551
3810
13724
0
3282
6757
0
14203
18313
0
2637
15388
1981
1772
5855
7925
3037
8507
1041
7081
3570
0
0
14036
14054
4834
0
0
0
0
3096
0
7137
0
16900
0
7983
4383
0
10474
0
5676
2066
2740
0
3225
0
0
0
2494
0
3137
2510
6899
0
5342
11846
0
0
0
10936
0
0
2329
14184
2024
0
12306
0
8848
2354
0
0
0
12068
0
0
8248
14493
0
0
0
0
0
10512
0
5609
13326
0
0
6508
2434
4287
0
0
5285
0
2018
10930
0
2308
0
0
0
0
3960
6608
6931
4671
7455
11646
0
1002
0
6109
9171
718
0
0
0
0
20797
16050
10370
15405
0
0
12638
0
0
0
2409
0
0
0
25515
13628
0
0
11109
11230
0
14224
16491
23680
0
0
0
0
4748
0
890
8805
1130
0
0
1952
13661
21220
19670
806
0
0
0
5332
0
0
0
19584
7067
4052
1821
0
0
9318
11064
21703
0
8346
4807
0
0
0
0
0
0
0
0
1905
0
0
0
0
9931
21380
0
8956
9486
0
1834
0
1292
5679
0
0
6646
19890
5524
2611
0
7899
0
4070
8185
12194
2173
8409
0
0
730
0
0
0
9274
8397
0
5317
848
3961
3043
20697
0
12434
1654
758
0
2110
7178
30520
4674
0
9259
0
0
0
0
6957
14443
0
0
0
3344
0
946
0
899
0
5766
5454
8023
0
2723
0
0
0
25349
14736
5662
0
14617
0
0
4210
11958
5695
0
0
4144
3670
0
0
3811
12436
0
0
3345
0
902
1751
0
0
2619
4728
6480
0
11878
19723
2592
11336
3715
0
0
9450
3884
18020
0
0
2145
0
0
0
16581
0
7924

=== CHANNEL 11 ===
0
21422
10169
0
0
0
5328
1903
12356
0
11651
0
1001
0
16265
0
4266
4501
5936
0
8845
6037
14840
5091
2241
4235
0
0
5070
23189
11385
0
0
7792
7103
23294
0
1834
6507
45
6341
829
0
11347
11428
11639
11748
0
27362
848
19600
5494
6590
0
1455
4530
17649
0
3866
608
15034
0
19672
27671
5269
7156
1306
18746
2826
2474
0
0
0
7672
1218
0
9428
2813
0
1730
2430
4233
0
0
26147
2757
7571
11936
11745
15074
16236
1166
0
9357
23370
1860
12417
0
13795
216
0
0
0
11646
7660
22586
0
2206
6660
2478
7591
0
118
17271
0
0
6707
13924
11192
0
633
2057
4627
13161
19136
16911
3440
18471
0
9183
0
4266
8442
0
11280
13454
0
0
3881
5834
19356
1943
0
18786
9796
5336
0
0
0
0
11549
0
7975
9760
0
0
3902
6307
3149
1287
607
3504
8678
0
0
6283
7736
0
1184
0
10481
5979
7005
0
0
4748
0
0
0
0
3622
0
0
12137
0
2198
0
5964
2057
4404
0
0
5696
3163
14325
7734
5748
2779
0
15013
0
2533
0
15919
1127
8330
7605
2298
0
12524
0
9924
41
0
0
22402
0
0
1174
10594
11293
0
10270
1949
1422
0
6179
12139
2937
6110
0
8109
0
0
3090
18292
11384
13252
8913
13785
14476
21789
9314
1767
0
510
3357
18655
2406
0
0
3957
0
8983
1029
10992
13090
15817
7556
6537
3494
0
7280
0
7090
0
0
12349
7310
0
10760
6293
10732
2158
10226
8892
0
4109
8403
0
27289
3922
3422
0
0
14650
7572
0
7039
18867
0
0
12490
12061
7813
0
8488
0
3026
4530
27168
24577
14013
2322
4396
2826
1477
0
0
6145
2591
0
9408
10691
6405
0
5201
0
0
4472
0
9681
0
6947
2532
5508
0
1990
0
0
0
541
20015
5024
0
1535
0
0
3259
528
4366
16767
4745
8240
5515
0
0
0
4300
0
8179
5015
10306
0
1533
2049
0
18878
10161
7603
0
183
7222
0
17811
272
17059
1779
21742
15961
0
5389
0
766
6534
0
0
0
16517
0
3723
12907
1688
15321
585
5263
0
4786
6115
10250
30677
4756
4949
0
0
13017
5208
0
795
3005
4236
0
6659
0
5744
0
49
5003
0
0
6246
0
0
10075
0
0
0
0
6279
14137
14415
2708
4414
8800
0
0
10244
39
0
0
0
13277
4219
0
13445
0
6688
0
9508
17885
0
5743
15873
11818
0
4188
8573
5854
1324
0
0
11723
5797
11648
1423
9672
0
94
6089
25211
11138
0
6696
10951
7980
13359
7178
10173
0
7590
10236
6869
4126
0
11897
7787
3119
1108
6058
13641
0
0
3601
0
12887
0
3982
12045
861
17237
3919
0
0
3935
0
0
0
5882
11731
0
0
10050
18963
15073
26976
0
11029
0
0
13662
0
10499

=== CHANNEL 12 ===
185
0
0
0
792
0
13082
0
8252
8063
0
19255
0
20829
23249
0
0
0
11541
1062
11365
823
13463
14360
11240
3442
0
3348
0
6449
0
0
0
2477
5394
0
3763
0
0
0
3147
0
4498
8597
0
1890
19234
2109
11545
0
3367
9581
5249
0
0
7741
6710
0
3383
0
1390
0
20062
15265
3497
0
9330
0
0
3096
0
12628
0
0
0
0
0
9072
8484
4223
0
0
0
0
9107
18456
0
0
5601
0
0
0
6224
0
0
0
3044
3785
6245
12130
12210
0
9075
0
16727
0
0
1518
0
9761
13885
3179
9929
25126
0
0
0
0
0
1340
0
7226
1352
8274
0
0
3356
0
14833
10451
25911
14986
7068
1951
8908
0
0
0
1553
0
1963
0
15228
0
0
17445
7490
8001
14596
4105
4532
0
21532
1867
7308
1201
12606
84
0
0
0
18271
8126
0
0
10635
0
0
670
0
5750
1558
0
11115
12081
2930
8400
14586
0
0
0
10204
17090
18939
1575
5856
2525
849
0
0
2708
0
0
0
11401
0
0
17195
0
5903
1373
0
0
15108
0
8492
1264
2389
1669
6802
0
8039
0
5422
3344
154
0
2379
0
0
0
2922
17663
0
0
0
5503
0
0
770
0
0
0
0
2969
6112
0
21562
2738
3896
0
0
0
10371
19811
0
12333
1883
0
0
0
7209
0
1008
30621
0
0
0
0
0
4071
0
0
0
1011
0
11163
0
0
0
0
13270
0
0
0
5867
12730
0
1497
8119
4178
0
0
0
0
5018
3897
3747
0
0
0
0
0
8335
0
11915
7666
10412
0
0
0
0
0
0
11063
0
16048
12341
16772
5293
176
0
15457
2012
0
0
0
7480
1503
16675
24879
3889
2946
0
0
20197
680
2183
0
13505
0
0
0
0
16260
0
13106
0
7826
28333
5940
23307
9990
7693
0
0
5944
496
10658
7209
139
0
10867
944
0
5803
2945
29963
14412
13564
0
0
0
0
0
0
0
0
0
0
0
1573
0
537
0
15494
0
6447
19529
25968
13804
4645
8007
0
0
7992
2788
6400
0
0
3684
8320
20376
5619
29333
10944
0
0
0
9751
0
6658
21420
9572
6422
5036
0
3828
6445
12217
0
25939
1250
0
0
553
0
10881
11095
0
0
11179
3205
12342
0
0
0
16602
1602
14403
3659
12908
0
24510
23312
17800
8254
15538
20027
0
0
0
10513
0
0
14781
24475
0
0
3773
2721
0
3650
0
0
0
0
9045
17708
0
0
0
18435
6063
5368
4967
9792
3456
23479
0
0
7351
12285
2276
0
0
19038
0
13309
0
0
14878
0
0
13446
4372
9751
10534
0
0
0
0
7825
19054
4390
34179
0
0
1948
0
0
1185
0
16531
0
376
3836
0
0
0
12539
17991

=== CHANNEL 13 ===
0
0
0
0
7937
5977
0
0
0
1236
0
6540
3777
0
4246
0
0
0
5090
0
15174
2551
0
0
0
10855
0
7193
4775
7518
3909
16569
8757
0
0
0
5240
0
14865
7504
5972
5253
1757
0
0
0
0
0
0
0
11992
0
0
0
16200
3308
7158
0
0
0
5785
19344
11549
0
0
0
3866
16329
21643
0
0
0
16438
5201
0
0
20159
0
0
12531
3380
0
10685
22144
0
4689
28500
30061
0
0
5474
3087
8844
0
2090
6037
0
8114
0
0
7972
0
0
0
8393
1203
16392
0
21209
0
0
15041
0
1261
17176
9161
6639
0
0
6961
0
0
28189
2191
19959
4769
0
7022
2312
2732
3733
52
3681
0
0
0
0
2737
9762
10648
0
838
3093
156
0
0
2261
3725
3848
0
0
0
0
3604
10871
22277
1224
10359
16338
0
5197
7188
1737
10826
0
15475
0
9034
0
9196
8292
0
12450
0
0
10655
18456
0
10163
0
0
5134
1824
4572
16164
18985
5926
7419
12006
12037
0
0
0
0
10305
0
6268
14908
10716
0
8558
16350
0
17
8043
0
8723
4222
0
0
7197
1174
0
21853
0
2749
8052
5762
12295
5707
0
6805
4276
0
3951
20270
0
0
2234
9277
16521
1632
2071
13412
11028
0
16012
2450
8640
10158
3274
4293
0
10480
0
0
4437
3049
35487
1900
0
13243
12769
7910
4660
8166
1672
7438
0
0
3415
0
0
1846
0
0
3401
0
0
13068
0
14192
0
0
18492
0
1640
8843
168
13484
9318
20768
0
22113
0
6077
6390
8218
25479
3098
0
9390
0
15430
6884
18029
0
0
0
11673
5313
10710
0
2368
0
0
16662
6583
3265
10194
0
5759
6689
6134
5359
0
0
7792
0
2273
0
0
872
0
588
19921
0
0
3474
4853
541
0
3329
0
0
7032
0
0
18216
18416
14655
21577
10936
0
15887
15986
0
25408
0
7729
0
3792
0
1601
17906
13198
0
21199
0
0
2322
18524
4370
10520
96
455
0
10172
18273
9532
20955
9720
92
3124
16291
0
4758
9670
0
23865
0
0
4867
11139
0
13857
5110
11077
2890
0
15834
0
0
6458
677
1420
0
3897
8021
12608
0
10837
0
8985
19851
11166
13570
0
4215
4407
9252
15095
14397
9998
2871
5148
0
2277
20875
10376
513
9488
1295
3901
6935
5702
113
20601
0
16295
11309
12942
12965
16041
2879
1062
2577
12651
0
0
10208
16554
0
0
398
0
0
6112
0
0
0
7502
3569
0
738
0
0
0
7206
0
11938
5495
0
0
13637
0
0
2025
17514
21748
1195
17385
0
5411
3445
0
0
0
21053
0
0
7853
1170
0
8919
5711
11845
12665
0
0
16480
0
0
0
15464
5128
0
0
13696
0
8873
0
9420
12127
4806
0
0
0
3997
6564
21091
219

=== CHANNEL 14 ===
6426
0
0
0
13731
0
5211
0
9020
0
0
15581
0
0
0
0
0
0
0
0
9360
0
0
0
0
15678
0
0
0
2714
0
3797
4914
0
0
0
0
0
0
7559
0
5645
10535
0
0
0
0
0
0
0
0
955
0
0
1519
23369
0
0
11073
9090
2345
0
9674
0
0
0
0
0
0
0
0
7136
5641
6107
5827
1181
1496
9470
1583
9043
0
7311
2110
9666
0
0
0
9335
4157
0
0
0
5637
4752
5415
4284
0
2878
0
0
212
0
0
0
8425
0
0
0
8912
0
0
0
0
0
0
1451
27
8641
6202
0
0
0
13092
9474
388
0
0
9447
3454
6773
14617
6518
8849
0
7126
0
5073
6725
29169
0
0
0
0
6655
0
0
0
8633
11575
0
0
0
114
0
4405
3311
0
0
9954
22664
0
0
0
0
13341
6593
0
0
0
0
0
0
0
0
1514
14316
10184
0
14491
0
0
0
2543
0
5376
8088
9264
3757
5856
0
11220
0
18571
0
9708
534
0
22578
1034
10899
9419
9401
0
313
1564
0
6351
10379
0
0
0
12224
8590
4971
0
6159
0
1491
0
8186
0
9252
0
7364
3025
0
0
0
0
0
0
13346
5897
1053
0
0
28452
0
6713
0
0
0
0
0
2262
0
0
0
30657
21551
1815
990
17841
5072
2087
0
0
0
0
0
0
0
16774
10405
0
0
20772
3684
0
0
9392
0
0
0
5931
0
11946
0
851
0
0
15068
0
1094
0
0
6475
0
23981
3359
0
10925
0
12754
0
1832
0
0
0
0
0
561
0
2437
5757
0
0
9102
0
0
0
96
0
3825
0
0
7331
0
18502
0
12598
327
0
0
17595
0
0
0
2448
0
2697
0
0
0
0
0
0
0
21629
20176
5082
2906
0
0
0
1136
0
3701
0
0
0
0
0
175
0
16048
0
0
0
0
8308
2327
0
7375
0
0
0
0
0
2291
750
20489
459
8617
0
2538
0
0
0
2057
0
0
0
0
10579
0
8284
0
0
0
8513
0
0
22458
0
0
0
0
0
0
0
0
0
3619
0
6319
7506
2755
7087
3648
0
8095
1401
0
0
0
0
0
0
8837
0
0
0
13716
0
4770
0
5701
0
0
0
9243
4918
14918
0
8450
0
0
0
0
10897
0
0
2510
4089
0
0
0
423
0
0
3015
24097
0
8472
0
14104
0
15077
0
22675
0
3723
17712
6826
15702
0
0
0
11778
0
9525
0
0
0
0
0
0
6124
16209
19734
4303
4096
0
0
0
0
0
0
0
20136
0
24736
0
14243
11265
0
0
10404
0
12036
10008
9354
0
0
0
0
0
0
3815
17202
10223

=== CHANNEL 15 ===
10922
16693
15237
20691
1597
3811
0
0
5248
0
1466
13177
8061
15300
0
173
0
0
0
6846
0
3909
0
2166
0
0
17351
0
13547
4153
22490
0
0
0
0
0
33555
0
0
7581
14869
21200
11282
31666
0
4570
4839
0
0
10988
13886
13863
0
4086
0
2714
1232
8498
0
0
9656
17489
0
2784
0
2062
7890
0
0
766
0
14579
0
5798
10359
4801
24787
17645
303
10080
0
0
0
0
0
0
0
0
0
833
0
0
10855
2743
3283
0
9866
4211
6754
8480
6877
0
0
9184
0
0
6297
0
11386
3642
0
6011
0
0
0
0
7777
10919
0
0
1810
13494
17681
2467
21944
0
0
0
0
21124
3056
3603
14548
22560
11021
4216
0
0
1905
0
0
0
14202
7660
584
2537
0
0
0
0
0
1630
10647
18790
0
0
0
5089
13765
0
4101
0
13146
7536
11734
0
923
0
9242
0
0
8114
12170
21865
5804
17862
7762
5719
13771
0
0
8577
6080
0
4451
3096
11343
9859
3658
8104
0
0
0
0
22857
0
2603
3499
13103
6868
464
0
1021
0
9282
570
21261
4457
5250
0
15511
7264
0
0
0
0
499
0
8190
0
18400
5421
14791
2369
8953
1944
0
2398
13173
1408
0
0
4997
1497
0
9238
6248
11837
0
5671
6403
905
4896
6180
4609
1407
0
10817
18235
24207
12157
22506
0
0
0
0
8679
9672
5149
5737
0
8407
8700
1292
15814
6368
21172
13545
22041
565
0
0
8441
0
0
0
0
0
8430
0
0
0
21989
5230
11642
12558
14077
23179
742
12686
0
638
0
0
12322
19220
3178
1315
10040
0
3296
7122
0
6509
7355
0
19110
11129
0
0
9518
333
7625
2931
24248
14724
0
9090
0
0
1339
18176
16152
0
0
0
293
20576
0
0
19986
0
0
0
12799
23084
4849
11632
12658
28038
0
17055
6597
2084
0
0
10910
0
0
12006
1364
0
5445
4611
21525
0
11386
13266
556
353
25083
0
0
0
0
0
7473
0
0
21158
9160
10051
9635
0
0
5278
4389
0
14513
3694
0
2222
0
2879
4592
0
3227
0
0
15152
0
6540
20737
5200
10962
10809
0
0
26994
0
10740
4047
17613
13686
25932
6556
0
1323
0
0
0
0
0
0
0
0
0
0
5281
0
10773
0
25663
0
0
0
409
0
8631
7054
0
12248
1956
0
0
835
18194
0
0
2403
17552
0
0
11614
3690
259
3025
4415
8293
4415
276
3277
413
0
3752
10245
0
7776
310
0
2587
251
0
0
12601
10404
0
0
0
0
0
6261
26008
0
0
0
0
7517
2604
0
8323
0
0
0
0
5848
10987
0
16084
24875
0
14117
5611
17673
11559
12690
1227
3872
4198
1912
13854
0
24178
2346
15695
10596
14913
7433
0
0
0
10798

=============================================================
