=============================================================
DECODER OUTPUT D5 - PER CHANNEL DUMP
Format: Channel -> 512 Posisi
=============================================================

=== CHANNEL 0 ===
506
3961
0
1217
0
0
0
13217
13781
0
11406
0
11185
0
5849
16179
0
3890
0
0
0
0
3277
11180
4313
0
0
10068
0
20388
0
0
12482
23820
0
0
0
9824
0
0
0
4572
0
16877
0
0
20362
18207
0
18980
3406
0
6515
26356
9605
14419
10884
3732
0
0
0
23600
9244
24894
0
0
0
8738
8836
15508
22446
14321
7221
8570
12918
3027
0
0
12872
16499
7644
3378
0
0
6282
16110
0
4150
0
37570
2722
0
0
23805
24202
7361
0
1300
0
2616
15682
16566
5718
21265
6116
0
0
4285
6458
0
0
21121
0
6537
6860
1447
5692
0
21918
2851
1436
16454
1791
20831
12260
0
0
4059
12345
0
0
7640
16502
8828
0
3528
0
13753
0
0
0
9523
19951
7502
6968
0
14940
0
33751
22487
3889
0
18517
0
2321
28575
5245
11631
5392
0
0
0
29072
15108
13130
0
341
17545
0
19093
0
9234
19094
0
0
1974
31326
0
1093
0
16523
13534
16734
0
0
0
21579
1078
0
9338
0
10159
20265
0
4729
0
1110
11955
0
0
0
0
0
0
5393
0
14663
9613
12901
4982
24072
17907
7229
0
20286
15394
18057
17031
9204
12625
4157
0
24349
0
38125
0
0
33927
1170
12586
0
0
17770
15311
17578
3794
24750
0
23684
1085
3844
8311
10602
6993
22873
0
12435
1254
20060
0
16897
0
40309
2912
12718
0
9404
5481
0
19749
0
12965
0
29902
8627
18635
24004
0
9468
13441
28028
0
0
0
5138
16583
9964
0
9635
8434
4034
7593
5904
11999
9427
7241
5658
24003
6463
25588
5508
0
0
5902
0
0
5762
3631
0
17707
0
1139
0
14267
8180
0
25223
0
28978
0
26714
10503
24370
14463
0
9441
14632
11058
405
1792
3698
0
4143
1897
13113
8370
0
1566
5521
22090
5724
0
0
0
12691
10171
4690
30033
20395
0
16681
0
0
0
4007
0
2184
14628
0
4450
0
7292
4634
0
0
804
0
0
0
3884
25682
0
0
4100
0
4388
0
5070
7589
429
22016
10562
1607
0
0
6582
0
0
16007
19047
0
6222
10453
20377
4306
618
11874
0
16410
94
0
0
0
6132
15889
21087
10532
0
0
16085
13095
0
0
7057
9306
0
0
0
0
0
6631
15993
7408
0
4998
0
21120
0
17928
0
13598
5992
7941
23382
1993
0
27909
0
0
11482
1775
5272
0
11044
10024
1905
0
0
0
5821
13100
12870
6852
0
12259
0
0
803
8567
14418
9181
1978
9216
2368
19991
15945
0
1015
0
6805
4476
12625
0
18932
8030
0
47654
0
2498
0
3028
0
14209
0
0
5301
29453
9352
8923
0
0
12470
7372
0
0
0
0
8241
0
16477
0
0
0
0
0
18483
8127
0
18908
3541
6724
0
0
5734
0
18414
2390
15061
0
0
3727
15297

=== CHANNEL 1 ===
3084
0
14
4022
1321
0
12396
11588
12188
0
17770
9300
6579
1613
9562
23871
0
31669
16702
0
0
276
0
18127
3094
21308
2014
20917
5959
0
12544
6829
0
3069
7887
3324
0
0
0
5072
0
9916
0
292
15106
0
0
11862
0
7025
0
0
0
560
0
0
0
10093
10164
619
3864
0
4119
18886
14276
2587
2262
5322
731
10389
0
25229
18521
0
20364
3216
13163
10976
18181
17567
0
0
11997
0
6226
0
0
20651
0
15082
0
0
964
12248
0
0
196
6290
0
0
19887
20358
24159
7941
15031
0
7860
3663
8223
0
16176
1540
6527
0
0
24968
0
5104
13496
7799
6936
17821
9463
0
0
238
7986
0
6639
18671
0
11929
0
21735
18135
23907
32414
0
0
0
7605
14072
9401
20832
7929
16526
296
7436
15805
0
18361
15667
3932
18086
23384
26638
1660
5333
17706
10553
5307
18138
3005
13403
0
2669
690
7840
0
12658
16076
0
380
0
15142
5754
22207
14659
1392
16617
5298
0
877
0
4410
29290
10361
0
8205
0
5004
4268
0
0
24989
5434
0
8645
8286
16606
18515
0
0
0
0
7333
0
0
0
16789
0
0
7664
28533
27395
0
12130
0
13345
14006
12077
15158
7248
14846
5309
5879
7806
17222
7729
0
0
13167
23499
82
0
20079
15130
446
6221
16167
0
8412
0
6753
8181
5937
25588
13705
0
21129
0
17136
1311
599
0
0
18389
4010
32899
10889
28153
0
16995
0
12298
11917
4794
161
0
1322
2950
10965
18765
10444
15546
0
993
14471
0
37594
0
9115
15081
1373
16770
3793
0
30574
0
10824
0
18220
3684
15680
5735
9059
16600
2396
0
4350
20995
15302
19870
11882
0
5473
0
219
0
10650
0
0
0
6649
5373
8744
11735
16063
4945
0
0
12829
0
27699
8570
26132
9376
17768
11301
3502
0
0
21354
3068
10935
0
14675
0
5675
20670
0
0
14347
3561
7222
4437
18419
20336
23620
0
3490
39078
18313
0
3435
4227
1434
0
0
3045
0
2158
5481
0
7364
0
8610
9383
16124
30809
11105
2117
8878
4633
8985
7757
2552
6270
0
0
15803
4100
0
4183
0
2237
0
11383
5260
8472
5835
10927
3624
14018
4699
0
21359
0
0
6465
3336
9637
10073
10357
1608
11489
0
7700
5658
6843
13797
0
11336
4416
4103
6631
4560
3991
0
2401
12167
15617
16088
0
9016
7125
0
0
3873
18796
16796
8551
15160
0
13705
0
21796
8845
10458
19137
17377
18740
14948
0
12722
10310
0
0
9052
1058
6198
25270
0
0
8641
0
10930
18847
7152
0
12347
5204
22783
0
25839
4662
0
4000
1018
0
0
13809
10337
8162
27026
7456
5943
22358
0
20161
0
32684
10407
0
15752
4329
21581
2874
21878
10213
15740
3276
22573
0
17109
0
4827
0
0
5379
0
21243
8751
0
5562
0
5710
0
8643
0
3628
1041

=== CHANNEL 2 ===
0
0
3305
3866
0
1307
0
652
8590
0
3446
0
0
0
2520
3218
5976
16279
12575
0
0
0
5785
0
9762
4588
0
17052
0
9560
0
1268
0
0
10763
12860
2238
10798
2901
7789
0
10415
17519
0
10082
0
0
0
0
8395
7882
0
0
2882
0
5224
0
0
2998
6163
2794
14791
13629
12862
9639
0
5748
15297
18317
23527
11683
0
8630
0
0
2661
7816
955
13233
0
0
0
0
12266
0
1578
0
10167
0
0
0
0
0
12126
22578
19861
23119
2122
8341
0
0
0
13226
6391
12971
0
8908
3207
1052
0
4566
0
12228
0
0
18314
0
0
0
3388
2095
3230
10848
2730
979
0
1954
2385
9269
24302
2275
0
7690
15703
4082
11752
20558
4776
998
11400
6085
0
3707
15860
0
10163
3822
2568
0
9085
2728
0
0
10449
15582
30333
5392
0
0
0
0
10685
444
979
8869
3460
0
2696
11013
7801
11603
0
0
925
0
4290
0
7586
0
8643
0
2095
0
0
0
18703
1827
0
4364
0
1569
2041
6958
0
0
1491
1578
0
5536
0
7893
16097
1878
5157
0
14319
3859
0
0
16811
0
0
6234
5399
0
6950
19028
0
17534
3749
14311
3327
0
3202
0
12867
14007
9570
20474
4035
8299
16050
0
4441
0
5051
0
0
519
0
0
23697
5265
1503
0
0
890
17824
8526
19386
1079
1298
12799
6492
16537
0
0
7853
0
761
10652
11512
17734
0
9726
0
0
4344
0
0
55
18792
2425
0
5034
1548
5558
14032
6013
0
0
0
3356
12869
19460
11421
1314
16526
12305
2804
10489
0
0
0
0
2661
0
0
0
0
5113
7860
0
0
0
0
1350
7208
0
8801
4539
1489
0
5401
6215
9243
19050
4884
0
1873
0
11295
247
8360
9645
8957
11579
0
5957
14156
13134
0
0
0
617
0
0
5486
0
5139
0
5002
0
0
0
0
5809
0
17661
0
0
16912
612
0
3028
0
0
880
0
7830
0
0
0
0
0
9630
7537
2372
9460
1024
17619
1384
16335
0
11819
0
12671
17562
9961
9494
5287
5648
0
0
0
8146
0
17173
0
6758
7863
22632
0
19162
12182
0
23747
12915
0
0
0
14175
5154
19690
0
21037
0
0
0
0
0
0
2379
0
0
0
6476
928
0
0
0
0
1055
0
2479
20948
0
4844
0
0
360
1695
9310
0
22419
7949
836
0
0
0
3133
9681
0
1809
0
9045
0
4120
0
7240
13993
13281
9987
2561
2170
0
0
14889
0
0
0
7136
13061
0
0
2223
5925
11306
19065
0
0
6453
0
0
5791
21335
0
6421
3484
16012
2251
16400
11583
5492
7754
3328
6141
3004
17934
0
6218
10541
0
0
9158
4786
11548
0
0
7822
0
13052
0
0
2807
0
0
0
14319
5368
0
0

=== CHANNEL 3 ===
0
0
0
0
0
0
0
0
3779
0
21412
0
0
9365
9188
11436
3852
0
0
0
7404
17101
4059
0
11916
0
10578
0
0
0
0
0
0
11618
3166
0
0
0
5944
0
23403
11163
10377
3236
10885
0
5305
0
12061
0
0
0
7773
0
0
0
0
0
0
0
0
7354
0
0
0
4567
240
9623
2115
17125
10742
4638
10318
0
10517
0
0
22257
0
1849
0
0
1318
1566
0
0
5969
0
0
0
23437
4943
15258
0
675
0
0
0
18044
0
0
0
0
7119
23744
0
1236
7111
3898
8958
2528
0
0
0
10416
0
0
0
0
0
0
0
3995
0
14234
0
0
0
0
17635
0
0
30696
0
0
0
16733
0
0
0
0
0
0
0
0
0
0
3695
4602
20150
0
127
0
0
0
10514
177
0
19684
3260
0
0
24129
0
3804
0
7814
0
16082
7122
4675
15945
0
0
0
3147
0
0
0
0
0
0
0
0
11347
14626
0
0
0
0
0
0
0
19204
0
0
0
0
0
5106
0
1030
9341
0
615
0
0
0
0
0
0
0
0
0
0
13184
0
0
6011
14556
399
0
8959
10768
0
25068
0
0
6255
0
0
0
0
3241
0
0
0
7511
0
0
0
0
3440
0
0
7787
0
0
0
14019
269
0
41125
13134
0
0
0
6485
0
0
0
3155
3682
0
0
0
7522
0
0
4341
17050
5095
0
0
0
4832
6164
2523
0
7826
5837
0
13720
0
17091
3896
32520
669
12584
0
0
0
0
4038
0
0
0
3478
14299
0
0
0
9874
0
0
1244
11069
0
264
0
0
0
18656
0
8230
0
0
0
0
0
0
704
6684
0
14137
0
0
3272
242
0
8041
0
0
9044
0
0
0
0
1408
0
0
0
0
0
0
0
0
0
6087
0
0
0
0
0
0
0
0
0
0
0
20259
0
0
1671
0
19804
0
6474
3755
0
0
0
7750
0
0
0
9003
3913
0
0
0
0
5087
0
11113
0
3897
16160
7066
0
0
4812
0
10815
0
23074
0
0
0
0
36861
0
0
0
10277
0
1542
0
0
0
0
0
0
0
0
0
0
0
0
8091
0
16069
1771
4441
0
0
0
0
0
0
0
1365
0
1090
19426
2303
0
0
0
0
0
0
0
0
0
0
0
16175
8985
0
9329
17059
27783
25413
0
17975
5364
4613
0
4622
18017
10053
0
1039
0
0
0
0
14962
0
0
0
0
3639
16266
0
0
2690
0
0
0
14325
11028
0
0
9342
0
7324
0
0
0
0
0
0
0
2570
190
0
0
0
15401
8381
0
12617
3914
0
8329
0
0
19717
14499
0

=== CHANNEL 4 ===
0
5952
0
8336
0
3286
3219
0
1559
0
0
15266
538
1996
0
7776
5672
0
0
0
16663
21877
13820
0
6142
0
0
20457
0
0
0
18000
5728
0
0
0
498
14475
0
0
4118
1781
1710
0
2082
0
7284
0
685
8084
20573
7321
3153
0
8899
18481
9612
3526
0
16849
17040
26273
15027
0
3737
21432
5372
0
0
25024
12469
0
1979
21588
4478
16315
82
1283
8739
0
11641
6905
4324
3520
4248
0
0
9854
0
0
0
11683
16025
7795
4639
6354
6861
0
20638
0
0
9840
12688
0
7271
5290
4874
0
0
0
0
18181
0
5230
0
0
9171
2840
3100
16704
2161
2791
6590
6942
0
0
1622
0
13733
20482
13610
1968
8968
580
0
12409
2295
162
0
5726
0
9736
0
13357
9061
6005
1437
8520
0
14193
14068
6337
11613
23782
0
0
0
6123
444
1915
0
490
9876
0
503
0
6691
0
7120
0
0
16415
6015
21306
9268
10026
3321
17479
0
9806
0
2534
0
15013
7405
0
5859
870
2984
3607
0
12811
11542
0
10697
1028
351
0
0
4424
9130
1609
2690
4999
0
0
6205
4582
9290
0
0
22402
0
6571
0
11138
13153
28545
4450
7014
0
1248
0
4498
13128
26370
12968
0
0
30636
0
15397
0
3721
562
0
19029
17963
11042
0
0
17527
7395
0
2750
7012
5256
6883
2851
21857
19646
0
0
0
0
13739
3593
11120
0
7560
0
26927
0
37716
17638
0
1736
1736
3536
0
5439
13478
0
0
0
12629
13439
2229
14255
0
7541
19272
3540
3900
4333
8569
2791
0
12164
18307
13179
0
16919
14441
0
1826
0
0
4081
20193
7324
2334
0
0
16316
11612
8513
676
12423
17169
2164
523
0
22075
1768
17739
2538
1206
0
0
7291
7731
13737
0
8012
0
8901
0
10456
2409
4689
9750
483
5661
0
13553
1073
19880
23467
2342
0
0
2529
9253
0
0
2266
14941
0
4041
3043
0
12708
3854
0
7458
9600
0
18462
6348
2210
0
14469
0
1476
7752
8457
10596
5490
0
0
13908
5916
0
3994
0
3570
10602
12436
27395
9201
5199
16124
0
3727
0
4937
4538
15460
25058
0
11186
11371
7633
15385
3545
0
5437
4939
0
2955
16191
6519
0
623
14531
0
0
946
0
7138
0
381
0
14820
32
7221
0
17548
0
18825
18368
7777
8072
313
7179
0
3398
0
16197
12040
5239
12982
11656
2801
0
0
0
0
0
0
0
0
16109
5830
0
20491
17903
13863
0
5514
16325
2322
8405
18973
0
0
5652
0
23220
18671
16863
0
13142
0
10337
1321
0
16486
15561
13825
0
20667
0
0
10914
0
0
0
1235
17712
0
7887
5035
0
0
0
23630
4922
22281
2543
0
2434
15062
0
9441
3877
0
12041
8376
18453
2169
0
13830
0
0
0
0
196
9531
14302
19694

=== CHANNEL 5 ===
0
2677
0
23001
20351
4052
9605
11059
0
0
17119
0
0
3516
14871
0
0
17752
6425
10998
13053
12539
6454
8271
5469
0
0
0
30512
0
21290
12207
0
9782
3924
0
0
4339
0
0
19196
8304
1820
0
7451
0
3927
4407
4047
0
11744
0
0
4487
25577
3078
14045
8886
0
4645
3376
7091
4886
1029
36251
0
7550
6828
0
4480
14322
0
26179
5028
11882
0
9226
0
14998
0
8657
0
7590
2124
12460
0
4999
0
16279
0
0
0
26836
0
6045
0
1952
12646
25084
14841
20780
32182
0
17745
16053
0
3589
0
0
0
11123
14286
0
9047
4898
0
23808
20699
294
22780
20731
8023
0
0
3192
0
20777
347
2399
9853
5094
20303
8592
6179
0
26743
6548
6842
0
29775
4613
8519
6367
0
14171
0
21693
4590
10632
8730
36207
0
8514
8186
0
0
23134
0
0
34
0
0
0
0
2337
9767
0
1788
11902
14563
21225
16082
2835
19164
4537
10425
0
34478
0
13055
13065
5701
9594
5490
1200
0
8755
0
3962
16674
0
0
0
0
32023
2929
0
1
0
31570
0
0
0
16758
0
0
7137
0
0
0
0
1566
5029
27258
13260
9113
7012
15647
0
0
0
4228
13237
8615
18999
23365
6088
4349
219
0
2160
15206
19867
15342
14937
11135
28765
0
0
0
0
0
9051
11273
12438
0
0
1225
0
18719
27853
11879
18731
0
24698
2011
8950
27399
4604
15711
10830
9267
13785
2597
15551
956
4272
0
0
6339
1420
0
19560
12215
4280
0
725
0
14891
0
9740
14482
0
0
32478
0
13185
0
47452
0
30741
0
7441
8531
0
34792
2334
15351
14989
9841
3520
0
9312
2938
18720
4157
2774
0
0
0
0
5270
7025
0
3822
8600
13276
0
3194
0
15371
16857
0
14944
21516
0
14150
0
5109
0
3833
5409
15086
28713
4423
24062
24296
24174
10247
6010
23924
47157
5592
18569
0
14780
5982
65
0
0
11789
1452
0
15968
0
22777
7153
10451
13635
15710
16209
2324
5793
7163
0
24043
9124
33964
12305
20524
3941
16389
929
15975
15009
9608
0
20877
7698
9522
4482
19764
14925
0
14481
0
0
0
1855
7369
0
133
16714
12635
2878
5980
15618
9761
6618
3051
6524
0
13945
0
0
3733
22204
1568
14853
4529
13635
0
0
3673
23337
2216
0
0
7639
14175
21396
18210
15088
41234
0
10113
1388
0
9214
12089
12334
28003
8866
18487
0
4855
1479
15823
7915
27371
3773
6233
6030
3276
0
17566
8316
13547
24135
6036
0
0
5349
11668
26232
17273
0
8266
8664
13310
21126
12879
24336
7146
23037
10689
5873
21962
21047
33907
2929
11658
0
2488
7830
6296
4379
0
11115
0
8562
16258
20521
20700
4354
19142
10933
30888
3657
0
24730
1256
8844
25939
0
9016
6347
8058
8177
5463
0
27703
0
0
0
0
9498
0
0
760
0
0

=== CHANNEL 6 ===
14395
0
0
3122
0
0
8149
0
0
0
0
0
0
0
0
5906
1184
0
0
0
0
8913
4018
0
7191
5321
0
22576
8259
7654
3018
0
0
9458
0
2731
0
11865
17342
0
11129
0
864
8290
0
839
0
0
1817
1527
9068
0
3036
13244
2578
14112
7079
8536
0
10276
19433
26803
8979
0
8896
0
0
0
0
11660
1420
0
0
8362
0
5384
2356
5630
0
3859
0
0
21867
0
9768
0
8095
8631
2520
0
14621
0
5710
0
0
0
19225
0
10350
6038
0
0
0
325
0
13709
0
8991
0
0
0
0
0
0
0
6942
11803
0
0
0
0
0
0
3690
2318
0
0
0
0
4946
0
0
6467
0
0
0
0
2208
3052
0
0
0
0
0
28490
0
0
14572
0
0
20482
9635
18824
0
0
3071
0
6343
0
0
0
0
6694
0
5942
0
0
0
0
9077
0
11540
0
13316
0
9852
0
0
0
0
0
4800
0
0
7642
0
0
8792
6839
2999
0
0
0
1071
8291
0
0
20943
0
0
3231
0
0
1011
0
0
6753
0
0
3432
12184
7373
0
0
0
0
0
0
0
0
0
0
0
983
4314
0
10086
0
0
24518
2860
11856
0
0
3530
0
0
0
7746
0
5685
15295
2944
0
0
0
45
10022
23890
0
3149
0
0
15197
0
4848
0
17030
6942
10375
0
8660
0
12615
0
0
13982
0
0
2999
0
7359
5474
0
0
0
5830
6335
9772
0
1310
0
0
0
0
0
4275
5606
1732
0
8348
0
12818
5518
0
4807
0
0
5177
302
2193
0
0
0
16100
4323
0
0
0
0
5495
5543
0
0
2194
4852
0
20413
20218
0
5589
0
1317
0
6545
1103
0
0
0
1679
8993
5685
0
0
0
4302
0
0
12636
0
0
696
0
160
0
1977
0
14842
0
16937
8855
7547
5835
0
0
0
54
13751
7365
2089
0
0
6309
0
0
0
649
0
0
0
0
280
0
0
5006
0
0
8983
0
0
0
14952
15606
0
3667
0
0
7017
0
0
0
12375
0
0
4352
9963
2923
4161
0
7758
10935
12395
0
1467
17514
11526
9966
959
0
0
0
0
5102
0
1782
0
713
0
11625
0
0
0
0
0
14913
0
0
0
0
2496
0
6478
0
1560
0
4479
0
0
0
0
0
236
0
0
3998
0
11093
0
7455
0
0
6300
0
2223
0
2037
470
1694
9323
3273
0
1469
3233
596
0
5610
0
0
5681
0
4439
0
11637
0
4153
0
0
0
0
1182
11315
8462
0
0
0
0
0
6614
0
15151
0
1014
13662
13305
0
2073
0
0
4781
0
6117
0
0
8393
3159
0
8939
0
0
0
0
0

=== CHANNEL 7 ===
0
17292
8440
0
13363
13556
3987
7252
1665
5574
0
12979
6754
28237
0
847
11013
0
9538
0
0
10162
0
0
430
6988
0
3698
12945
0
0
0
3248
1228
0
2471
2009
1327
4566
0
1144
0
1158
0
0
3186
3092
0
0
0
0
1999
25761
3045
0
0
10796
0
1248
0
7930
0
5991
0
0
5921
9362
0
0
0
0
242
0
5490
0
13954
0
13130
0
0
0
0
11122
2486
1102
8901
2593
5948
3342
0
6468
1200
15868
0
0
0
0
8363
8849
9510
0
0
6821
7488
0
2155
9581
0
0
1114
2148
0
10367
0
10529
3236
0
0
0
7807
65
6021
10296
0
22561
161
4103
0
0
2176
0
0
729
6113
11484
1723
0
11970
19949
0
17764
0
0
0
0
2194
0
0
0
0
0
7058
193
390
13679
0
0
0
6634
0
0
21915
0
0
0
8044
9709
0
16281
3185
0
0
11908
0
16733
653
3124
0
0
14754
32586
0
1141
0
0
0
0
11980
0
40
14689
0
24650
4257
0
4170
10960
0
18656
0
0
0
3230
3737
114
16985
3851
12060
0
4891
5949
0
0
11776
7231
0
6046
4662
11669
0
0
0
281
0
4288
102
566
0
0
0
0
6951
2033
4407
0
6662
699
0
1363
0
6474
0
9399
0
0
0
0
5867
0
0
20900
4908
0
0
0
0
8233
24128
9711
0
0
2227
2337
0
0
6950
0
3170
2536
0
0
4690
5873
0
0
0
0
9344
1101
241
0
10838
0
0
0
0
0
7510
0
0
0
6973
14523
11412
1946
0
0
0
7298
0
8686
11174
0
14190
0
8403
0
17319
3930
4222
5065
1705
16865
0
19028
0
0
2821
0
0
0
0
8140
0
0
6817
0
8277
4051
0
0
9613
21752
3264
0
0
7687
0
694
6805
0
310
7220
6694
0
648
0
0
0
2419
0
14884
1945
4058
17157
0
8391
4021
17916
7107
7191
0
6260
6966
15872
1343
29197
11046
0
0
1940
0
0
2611
10195
2566
0
7238
0
0
719
0
1530
2026
0
0
0
0
15819
0
0
3919
4549
0
27735
0
0
10356
0
0
0
11533
1827
0
0
4722
0
7853
6811
13649
19477
0
0
7455
9789
0
0
13841
23494
0
2692
13721
14921
0
0
0
10516
5094
0
17792
5124
13132
5559
0
5568
0
5158
6313
11809
3592
0
2892
0
0
13891
0
0
2986
0
0
0
0
0
7322
3838
0
0
13550
0
0
21879
6414
0
0
0
0
2347
3159
0
0
19425
10131
14439
13684
0
12910
0
0
0
6087
12016
8415
0
0
0
4106
0
0
2307
0
5971
10529
4399
11943
21354
0
0
0
6653
8458
22626
2116
5733
861
7785
0
1420
0
4365
0
0
4527

=== CHANNEL 8 ===
6232
0
7902
0
0
0
17802
0
0
167
13340
0
3683
3495
0
0
0
0
3163
0
0
8183
17955
8537
0
0
12679
0
431
20495
0
0
224
5852
0
0
18126
0
703
0
18418
2725
0
9148
12213
20701
18869
0
0
0
7341
5760
12773
0
0
3559
12496
0
0
0
5405
23404
0
0
12457
16045
4240
3540
1839
0
0
0
8187
2079
0
13845
2128
0
248
5469
6502
0
0
8563
5580
5874
20188
1725
8635
27625
13852
0
0
11307
0
11527
13683
5912
5774
0
8719
8643
0
0
0
0
0
5339
0
2509
0
0
0
0
3787
0
0
0
0
535
0
0
2366
0
0
0
11483
0
2686
759
0
7019
13464
0
0
3464
0
16378
0
334
0
4449
2801
0
10087
0
0
0
13054
8111
649
2914
4350
10264
0
7478
0
4833
0
2041
0
0
12021
0
20246
8247
0
0
0
0
0
0
5287
0
0
8495
0
0
0
5786
1849
1642
0
18455
0
0
0
0
1499
9844
0
0
699
0
0
14926
0
0
0
8236
0
0
0
0
19942
0
12747
17818
9661
0
9822
13568
0
0
0
4494
2363
0
0
10935
0
0
0
0
2792
17270
0
7996
0
5627
12247
0
0
4324
8287
0
14070
0
0
0
0
0
13825
1048
10784
0
0
7901
17306
5576
1181
0
3000
7368
11519
11947
4910
13041
0
0
0
25701
0
12907
0
0
7095
0
7853
2679
0
3422
0
0
1685
0
10663
5443
9347
0
15229
17692
0
0
0
17002
5528
0
0
4729
19465
0
27862
1674
0
0
0
9446
8962
12591
0
0
20165
0
10340
0
4576
0
3719
10480
12015
0
14960
6642
0
0
0
4581
8094
0
22401
0
0
0
0
10369
0
0
5486
0
0
2500
0
0
0
0
0
5748
6935
0
0
13967
0
0
6844
0
6452
0
0
0
10320
0
0
160
0
0
0
0
6157
8203
6123
0
10163
4139
0
9284
4283
12316
0
0
0
5193
0
7512
7362
0
6644
19799
7410
0
1809
4103
6737
0
12495
0
0
0
0
14176
0
1512
17692
0
0
0
8765
0
2237
6337
0
0
2751
0
7865
2564
2676
0
13789
0
0
2637
0
0
0
0
11046
19679
2205
0
0
9015
0
4026
0
0
13506
3064
8943
10799
296
16969
5825
0
0
0
0
0
0
0
1718
0
15205
0
6948
0
0
6831
3558
6505
340
0
0
0
2242
1635
2009
0
11071
20743
0
1618
0
0
5003
2617
37
3739
781
601
0
0
5637
0
0
3000
1083
0
646
0
5961
0
0
0
0
0
0
8765
0
20602
1803
8741
0
0
0
9663
437
0
23673
0
0
0
0
18770
17142
15561
5680
0
0
2733
4919
521

=== CHANNEL 9 ===
0
0
15876
12260
6868
16786
16647
13529
10335
0
8548
0
0
15562
18550
9938
6165
0
0
0
0
22358
479
0
0
0
18687
0
13682
0
0
6815
12119
14662
0
3965
0
3219
0
0
14771
11100
19623
15306
0
7387
21907
8426
0
0
0
0
0
0
8708
0
8746
11964
0
0
0
0
2819
0
145
0
12462
8522
0
3138
13939
0
0
0
0
10420
0
10834
0
16462
0
0
684
0
11424
1532
14902
0
0
28023
224
0
5294
13192
0
0
0
0
17694
12911
0
10548
0
11410
14608
4764
0
0
11604
20437
13332
7193
0
9985
11331
0
3253
2579
9176
0
24445
30633
16307
11552
8494
0
0
0
852
0
3352
2235
890
13773
7716
0
14838
18322
20243
21342
20326
8860
4945
0
481
0
0
8250
12624
0
0
13246
29761
7646
15827
13730
18991
18576
4667
26143
0
0
13034
0
0
4164
24472
12124
0
0
0
37254
15606
15271
0
11073
2480
5052
7376
1680
24367
21361
18402
0
17595
14727
17727
12035
15143
16115
11494
29160
10547
6960
2413
4376
11761
20593
4395
22126
12530
6305
10204
0
0
0
1047
0
0
8505
0
6365
2850
10359
0
4829
0
0
1176
10353
0
9173
0
4521
423
7657
13417
3137
15627
4656
0
0
7967
14647
6308
9875
6856
0
3667
2807
11832
0
0
6021
0
15028
13789
2722
6250
2516
22874
0
0
7427
0
20299
0
12763
0
0
0
0
0
343
0
0
2773
0
3449
0
0
11860
15139
0
12142
697
10294
0
0
8326
5269
3593
0
0
4310
0
0
0
427
0
0
11875
5871
22423
678
21164
19115
15371
18207
1926
10200
2930
0
0
0
0
0
0
0
0
0
0
0
0
17683
0
2296
7454
0
2597
0
0
7541
19731
4877
0
14712
28706
9843
0
5317
0
0
1318
6396
5498
9924
11330
0
751
23620
15683
14667
24801
5382
6567
0
5420
0
7534
0
0
0
13284
8503
14548
8135
0
1162
0
18807
28108
4274
11160
7188
25606
15503
16849
0
11711
0
7168
4977
13033
28615
14967
13597
2838
24247
3582
0
0
0
7125
0
18754
0
733
0
0
0
0
9320
4169
517
22107
0
0
3586
0
0
8993
0
0
0
0
0
255
0
18299
0
9440
0
2569
994
17144
786
0
13677
5998
6230
414
3081
0
0
0
26461
3306
0
15907
0
6153
0
2175
0
18309
14353
17820
20911
31054
5384
21955
8118
4802
0
656
17975
0
5465
0
0
0
1097
6657
8987
14099
12476
0
9490
0
29470
5045
0
29270
0
0
345
0
7777
20622
17916
7687
11333
11419
858
0
13121
0
0
5806
7995
0
0
0
4294
27713
21306
13462
0
20852
15048
21936
0
11089
0
2041
4493
0
797
0
16801
7280
0
9350
0
22875
336
25505
9986
0
660
0

=== CHANNEL 10 ===
0
9443
9151
2658
0
4562
2096
0
996
4136
0
9005
0
2245
0
0
0
424
23016
3636
0
0
0
11929
0
0
8026
6577
5922
9960
2933
0
91
2769
0
24191
0
9714
1366
18870
2618
4611
0
0
8012
9507
10262
23635
3363
0
6505
18996
0
0
4918
16669
16277
447
20745
0
15491
14358
14239
0
0
6006
744
9378
0
4310
5326
206
0
0
4926
0
0
0
0
0
21911
14815
0
811
0
3306
0
5640
0
1185
0
0
3256
0
0
13032
6929
7746
6589
0
0
0
16020
0
10032
0
0
0
0
0
12264
0
1615
20423
11746
1397
2066
0
0
0
0
8220
7376
5387
0
6995
0
562
0
8181
23683
17770
1111
0
1609
0
9431
0
0
5232
6858
0
0
7332
0
532
0
0
5204
0
0
0
3507
12272
2448
0
5971
6704
5538
0
0
421
8435
5492
0
6181
0
5712
22528
5053
2795
0
2711
0
7442
7567
3972
263
5419
8467
1858
9441
5322
0
0
3885
9566
0
3123
5139
15623
5474
0
13788
0
0
5682
3681
23807
0
0
607
5251
5810
0
9092
6348
0
0
0
13977
4214
0
0
5942
512
0
12691
15050
0
0
4369
178
6843
0
0
18230
7594
0
7031
1199
3047
9402
9496
0
0
152
13850
4670
10968
7395
3797
1473
7158
0
0
0
9658
0
5129
7171
5194
0
2120
0
25417
0
0
14386
0
1201
0
123
0
5205
9045
0
0
0
0
0
0
12307
7253
0
0
0
5369
0
6246
0
0
7058
0
0
0
0
6450
2362
4792
0
21608
0
0
424
0
7818
0
0
0
8434
7164
3255
7207
0
0
0
0
0
10839
13439
5890
11816
5736
0
3031
0
0
0
0
0
19269
1731
1291
0
0
0
8940
424
9002
0
0
0
0
8714
0
16235
0
0
0
1614
0
1418
0
0
5685
20479
0
0
2407
0
0
13693
5459
0
0
18749
6970
12336
16305
10625
14051
0
4106
0
10270
7529
449
0
4468
6242
0
0
1681
14136
3674
0
7989
7461
14119
18361
0
20291
12302
0
10241
0
0
5996
0
0
368
0
12502
17092
7591
0
6368
22542
0
0
0
0
2756
0
5337
0
2706
1996
0
0
0
0
47
0
0
1307
4006
0
0
2598
2427
5695
0
0
0
0
3062
0
0
0
0
10568
0
7556
0
2592
4085
10266
0
0
4443
0
16347
14881
0
6085
0
0
3631
0
0
3690
275
7523
4804
0
0
14660
0
10095
3984
0
0
1140
6410
3398
12971
20103
2386
0
0
233
17751
0
7291
5689
0
0
9917
0
0
16169
0
7759
0
0
0
14670
0
6311
0
0
0
16292
0
0
10236
8039
12810
9552
0
0
0
0
10842
0
0
2767
2791
0
6527

=== CHANNEL 11 ===
0
813
11649
10519
12788
0
6242
2449
8911
7924
10130
8412
0
0
0
5131
12398
6312
18220
11510
11278
1970
6951
2824
20701
0
0
2147
0
0
0
8223
7040
1275
20414
8572
9107
15062
0
16605
0
9835
7725
0
7407
16023
12983
17199
1260
4775
0
5185
1061
0
0
12731
9040
0
4209
13824
0
7296
0
12037
4578
0
1364
1373
4449
19708
3454
6673
22993
0
10592
0
2345
5964
15257
686
0
330
0
10865
0
13319
5148
0
0
6902
4202
0
0
2559
15916
0
12146
0
0
17148
14874
0
0
2640
16533
0
0
3810
15491
2697
12817
0
0
13679
0
5981
0
0
11822
0
2889
0
6071
13567
0
0
831
16171
9326
0
0
23567
6190
0
8847
0
0
0
0
0
18459
2148
8524
19598
3454
0
0
2481
2891
0
5939
11617
3919
0
0
12368
1967
0
0
0
8028
2915
0
6267
4962
1808
12608
14518
6358
0
0
6214
6991
0
0
7177
9733
5555
335
0
0
2659
0
0
0
11281
1053
1267
7745
0
0
9124
7331
3305
10189
0
2918
4882
13409
0
13586
9357
2539
11439
5354
28165
0
0
0
0
0
0
13180
0
18613
10756
15568
10308
7711
0
3667
0
0
12937
0
0
752
5673
23292
0
11739
0
985
0
3370
3233
0
5386
0
14449
0
6445
10638
14225
0
0
0
9391
164
10154
104
0
6980
1781
14560
13213
5170
2588
4306
2618
23710
0
30217
0
17330
17994
0
7818
0
19550
11675
0
0
6372
16400
13302
5581
6109
3305
11265
5281
0
0
2749
20830
0
310
10664
557
10935
0
13114
0
5687
0
0
0
0
8453
0
0
0
0
28168
0
260
0
6145
6777
12656
0
13599
0
1660
3324
13004
24126
14486
0
0
0
8149
0
20462
0
0
0
0
19862
21725
6065
0
1592
0
7778
0
10751
5197
0
11269
0
0
0
0
599
9100
7135
0
16542
3580
12724
2260
0
0
6550
1321
0
9082
0
13171
9184
0
0
0
0
14836
12977
1105
14782
8123
3040
0
8411
0
7987
4432
334
8287
19963
14847
0
16501
0
2185
1110
2588
7963
15772
0
0
0
8002
2329
9465
0
25858
23616
1565
0
9353
0
0
8716
18798
0
9689
0
0
0
0
2464
0
0
1879
11626
3053
0
787
0
0
349
8064
13361
0
0
15985
4870
8909
0
0
14343
0
23655
14026
16555
0
0
12214
225
0
8112
15750
2529
2498
0
1885
0
3015
0
1175
11671
2144
2103
0
7976
26853
0
0
0
1882
1252
0
12458
629
1851
14218
14396
1551
0
6780
3179
9867
0
0
8618
0
0
0
1726
1527
2875
5877
4933
694
0
1780
21925
0
30081
4365
15353
3644
9808
0
18082
3805
4533
14846
0
23295
1140
4558
0
0
6746
5114
0
0
7362
9507
10829
6053

=== CHANNEL 12 ===
8596
4027
7724
0
14148
0
0
557
4096
1481
7952
0
0
0
0
0
15756
13933
1606
3082
0
0
8400
0
20200
0
0
19641
17260
9981
16047
0
122
0
0
0
4040
739
10240
9861
16080
0
0
0
1753
1241
2875
13602
0
3205
7590
5520
11816
9324
10249
16186
18814
9671
6355
11820
7193
18761
13544
9825
5745
5985
0
15468
0
13757
0
2005
0
5056
0
3898
0
14461
0
4011
0
17619
10297
0
14554
0
7212
10483
1494
0
19585
21022
0
0
7088
0
20380
0
25015
11799
21279
0
7257
1100
6744
0
8699
4404
1901
14498
2434
0
1366
6754
16111
8197
0
0
0
0
0
0
22975
10555
13762
17574
0
7986
200
0
0
0
23252
8008
21907
8674
12512
21608
19065
26469
4771
0
12503
0
0
0
5129
1668
0
10599
15294
0
0
0
15901
14887
4920
25390
4569
0
5142
0
0
0
0
11815
0
0
0
14524
6829
22312
0
22694
781
20934
11889
0
12568
9539
13324
15447
38154
0
0
0
12278
11200
0
22737
3230
13980
0
5402
3830
0
7024
31637
0
32930
39305
1809
0
0
0
0
4605
0
14535
8813
11881
10117
0
8876
24471
1871
0
7801
0
5044
0
6117
0
11748
0
0
0
0
2808
0
0
11349
10309
10987
25550
12546
1505
15046
0
12325
21010
5354
21043
5490
0
0
11110
0
9965
19207
6464
0
0
0
0
4174
683
21199
7979
21161
0
3836
0
0
16792
0
13876
0
0
0
0
0
2325
5167
12273
0
0
0
0
0
0
0
7964
0
0
0
784
0
5560
0
0
4018
19337
30231
522
11041
0
0
7090
200
0
0
12803
2167
0
0
0
0
17672
0
15066
33829
0
9335
9926
0
0
0
4439
13197
0
0
0
0
0
0
3447
0
34459
788
0
0
0
0
0
19441
0
0
14851
1320
4514
0
0
2738
0
74
0
8364
307
7229
3375
520
4186
20969
26244
0
7099
0
4650
7692
18875
6782
4602
22163
0
14652
3469
0
4881
4839
10548
1845
1376
0
2433
0
0
16156
0
4337
19476
10362
0
8551
15952
8519
5620
0
0
7158
14894
12691
0
2428
27757
0
16684
1180
5997
4997
10572
0
5215
0
12485
0
0
612
6612
21816
2180
4242
0
22965
0
0
2771
0
6135
7325
0
0
0
4621
13558
11852
0
2710
0
0
9682
8472
0
21464
0
11934
14730
18881
13354
19010
18270
19531
0
14843
15283
3168
0
0
0
0
0
0
0
0
5177
5287
0
0
11762
0
0
14485
24067
0
5345
0
8756
0
1471
0
0
0
0
12168
11268
13327
11466
8383
21451
19445
0
6050
4153
9824
24739
35335
0
1573
2066
3621
1976
1421
10656
22872
577
1854
5086
1290
0
0
0
1127
0
8831
5015
644
22314
0
0
2708
3437
0

=== CHANNEL 13 ===
0
0
14430
309
4038
999
7756
13762
12938
4104
0
0
10988
0
0
18005
1211
3854
16711
0
0
0
6931
0
605
0
0
5002
1341
0
0
3200
11640
10087
0
0
15597
977
2719
0
24811
0
8792
9751
0
0
20904
1064
2572
4989
2702
0
0
97
0
0
1865
9784
7590
19967
17583
0
0
6067
8071
4412
0
1829
7166
0
0
2506
8033
11614
0
5256
0
10833
3154
4984
3639
3339
5862
0
0
0
544
0
6926
0
1187
5438
0
0
0
0
0
0
0
0
8953
15244
0
17501
0
8825
0
4174
11473
3622
0
3804
13526
0
4649
0
10133
9910
412
8253
5096
0
0
0
5202
0
4615
9563
9886
8291
21546
0
2304
1099
0
4416
1666
0
0
9543
1796
3607
0
0
5129
0
0
11988
4443
12636
0
0
4365
24468
1855
0
0
0
6085
18797
0
0
10426
0
7310
0
15120
1575
11455
3215
0
10229
7087
28882
0
19838
5146
14674
0
5588
1724
0
0
0
2184
19198
5147
5576
16618
0
10039
0
65
1775
5707
5583
463
15636
14746
22554
563
0
16030
5781
21961
0
9124
0
0
0
2910
0
0
13411
0
13386
0
4807
5021
4822
0
0
7389
0
11654
4388
0
0
7547
0
0
8555
0
15574
0
8168
9548
7850
6242
0
6482
0
5853
0
0
10097
0
0
1402
0
4001
0
0
0
0
0
9773
24713
0
23678
0
4564
0
0
0
0
4774
12051
11022
0
16550
12365
0
10867
2194
9187
0
0
2954
0
20423
0
0
4279
0
0
454
0
0
0
0
0
5570
20848
2717
11732
12281
11435
2678
0
1829
0
0
0
6914
0
0
0
3375
0
8432
0
8931
9503
0
0
9060
1439
7641
0
9102
0
21238
6232
0
28163
0
395
9252
0
0
11644
15288
18792
0
0
9468
515
1484
0
17965
15498
0
21836
11858
9502
0
24096
4625
2044
3836
0
1273
11066
10920
11452
11192
0
11740
0
0
0
0
23108
4235
0
1061
0
0
0
0
6659
2385
12338
9200
521
0
7923
0
14959
9559
0
11800
0
0
8891
19077
4250
1173
15213
0
669
8250
0
5059
0
9
4793
0
0
0
2004
3
0
0
6373
811
3135
4839
25262
0
0
0
5211
25976
12779
0
2606
6006
0
10926
669
1350
0
0
0
15494
11544
0
27069
3007
27829
15887
12108
6250
7368
381
7079
0
23518
5673
20145
15237
10771
23293
3974
9768
6848
0
0
8156
4323
10946
7242
0
6126
20423
5014
1268
7738
5252
10326
0
3033
12614
924
12353
0
4204
0
0
2376
7242
0
5006
4631
0
21763
0
0
25698
11021
0
9404
13197
23490
10316
30170
14562
6144
0
29969
0
7456
688
12513
0
0
7768
10246
0
21316
0
2997
7824
0
3316
0
656
6072
5151
0

=== CHANNEL 14 ===
9127
3414
0
0
0
0
0
10099
0
0
0
6629
7137
2131
0
26131
0
1912
0
0
0
0
8566
0
0
0
0
7715
11269
0
0
1725
0
11425
0
0
7848
11309
0
185
3555
15320
6879
3889
0
0
15411
8293
0
0
16070
5830
3412
0
14727
0
0
0
0
9407
8080
0
7360
0
0
17891
19558
0
16063
4374
0
2925
0
0
0
5393
7773
0
0
22210
0
0
8231
0
511
0
9228
0
6982
5551
1013
0
14343
0
11546
0
0
0
5479
0
0
8050
0
0
0
0
19486
0
4184
0
0
0
19990
14190
0
5097
4269
0
0
0
0
848
0
0
20061
0
27904
0
0
16077
20077
5592
0
0
0
0
0
705
6251
0
0
0
8449
0
415
0
0
0
6715
0
0
0
6587
8857
0
11799
0
0
5195
0
0
14442
0
1751
0
14414
0
3292
4573
14134
0
531
0
0
0
1565
0
0
0
0
11869
0
7434
0
0
0
0
7861
2013
17948
0
9745
0
0
0
17335
21194
2639
0
0
0
0
0
0
256
18458
9171
0
0
0
24748
0
309
1784
0
0
1671
18113
0
1625
0
0
0
0
0
0
0
139
0
0
25127
2076
0
0
0
0
0
0
5916
7417
0
0
6500
0
0
0
19654
0
7779
0
0
0
0
7100
0
0
0
0
0
0
0
0
0
0
0
0
0
6475
10883
0
1156
0
0
3739
0
0
0
16652
10059
0
0
0
6672
0
0
1485
14792
759
0
13034
0
15776
0
0
9971
1331
0
0
5265
5687
2720
6831
0
9888
0
0
13886
0
0
0
13107
0
0
4723
3822
0
0
5834
0
0
20297
8996
4557
7109
0
22875
0
4252
0
0
0
0
13760
3260
0
0
0
0
0
0
1763
0
0
0
2690
0
0
11876
0
5270
0
0
0
4481
0
0
1447
8120
5071
11856
0
0
474
9387
7397
4236
12750
0
0
0
0
0
2473
5390
13799
13678
9654
8969
0
10875
0
587
0
0
13964
0
0
0
0
2011
0
0
0
852
11606
0
19443
0
0
0
12014
0
0
0
4313
2275
9873
4750
3898
4743
0
0
15160
0
0
0
7784
5405
15760
0
0
0
0
0
0
0
0
4088
0
1472
0
0
0
5196
0
0
0
12387
0
0
0
3958
0
0
0
14614
18462
12312
7637
0
0
0
5066
0
0
0
0
0
196
8696
1096
0
0
0
0
0
0
0
0
0
0
184
0
3887
2575
8328
0
0
0
0
24685
5747
6162
6515
0
6120
0
0
0
127
0
0
0
0
0
2809
0
0
18783
26921
0
0
0
0
26724
0
20614
0
0
0
0
0

=== CHANNEL 15 ===
1000
0
5176
19401
0
8475
0
0
0
0
11255
0
18288
3587
0
3032
0
7258
3428
15430
0
5411
0
13742
0
10085
6463
0
31286
0
10089
0
27926
0
0
21780
7742
6544
0
14096
0
9832
8673
0
9392
0
7526
12020
5002
0
9599
11470
5625
6722
0
0
16998
0
6907
402
0
22527
0
6513
7682
20938
17036
19952
16045
6652
0
0
14510
8304
4462
0
9210
11109
0
7507
0
16113
0
0
7944
18594
0
0
5393
15388
5535
22444
0
20016
10477
10382
0
0
0
0
7035
0
17799
0
1413
0
21411
0
0
0
0
10979
0
2457
0
0
6279
0
0
0
5037
8580
13153
16117
0
0
0
0
0
8875
0
13118
3314
9070
0
3748
8223
7285
17308
6641
10639
0
20460
11156
9710
8869
0
0
10307
6476
13050
14814
8217
9754
9896
0
1153
0
19907
0
0
0
2301
0
0
8006
0
19996
21809
0
12615
11470
31055
5647
0
0
844
0
5702
6582
36090
10440
3660
7591
0
0
12505
0
0
1788
4345
17822
3672
8963
77
15631
17564
0
4994
0
19755
16584
0
0
0
0
21434
7798
0
19126
0
0
10890
0
10322
1092
13394
10144
11809
1008
0
1651
0
0
0
23634
0
0
9236
8823
19956
0
18026
0
0
0
0
4646
0
0
0
9010
8712
0
17781
15567
2427
18185
7647
15561
0
0
0
5459
0
0
22413
0
15678
0
22329
655
17968
0
4166
0
13698
0
3626
0
0
0
0
0
8211
1849
3923
0
0
8199
0
5688
4519
0
8159
1910
8117
0
764
17259
1925
25493
2719
0
4390
12487
0
4747
0
0
11112
0
0
0
17940
0
0
0
0
0
7343
4989
0
0
864
0
10218
8407
3427
5999
786
12497
1063
16571
0
0
0
1275
10341
6196
50
0
11978
8101
0
0
3316
14765
0
0
18210
8798
9267
0
18346
0
15174
9795
10642
17828
1506
18522
12186
2978
0
12714
15838
9309
0
0
0
13230
4433
21958
0
21869
8661
17514
5600
10040
18296
19967
3077
16958
19412
16669
0
0
11317
6232
37821
14326
7414
0
0
0
0
3890
1974
0
2785
0
6888
20964
0
0
6296
0
0
0
0
7508
0
0
0
0
0
3405
11539
0
0
17602
0
8813
0
2871
0
8435
2527
3165
0
0
10824
20258
0
0
12889
0
525
0
20049
8711
3497
2456
11646
0
10390
6369
11984
0
0
0
1442
18252
15338
27289
1616
0
13169
0
0
8120
0
0
3701
8334
0
1880
7144
0
13396
2802
0
0
11999
0
0
0
0
32258
0
13296
0
11028
0
0
12842
4938
0
10866
0
11245
0
7121
19383
0
6153
2469
15549
2247
17198
3553
1785
0
8585
0
10204
0
7596
18067
19199
16193
0
6710
0
5469
3623
0
0
0
1176
14730

=============================================================
