=============================================================
DECODER OUTPUT D5 - PER CHANNEL DUMP
Format: Channel -> 512 Posisi
=============================================================

=== CHANNEL 0 ===
0
19690
13605
0
0
20048
0
0
7898
16195
2887
802
11437
0
0
2599
0
0
0
0
0
0
0
17523
16710
3387
8917
30580
0
27125
0
5227
0
7705
0
27581
5954
22333
0
0
0
7121
6979
7705
2722
5392
0
6715
5042
0
13581
0
0
3610
2570
15144
7388
1658
5145
4442
27546
22630
11102
0
0
0
11629
1749
0
4157
4448
0
18171
0
6945
10687
0
7080
1337
9084
6661
5195
5591
7886
16625
0
3396
15942
7108
2149
12517
0
4328
15386
26596
12339
8315
22393
0
0
0
0
30077
0
8627
5101
0
0
0
17578
0
2976
19400
12579
11135
5895
0
0
12566
15224
13080
7684
0
0
2393
0
19082
6715
0
8442
7266
7072
0
0
6723
11877
0
0
0
14193
4265
17657
3445
12286
6657
20022
0
11888
10980
14151
15395
0
0
12050
18789
22884
10802
4848
0
14329
0
9608
0
9867
6467
18711
3486
487
0
12680
16117
0
0
4910
2559
308
26567
26
0
2162
0
27687
10611
10402
3312
5634
15483
4524
0
1776
0
25209
2284
18296
2499
2341
19944
0
5063
0
2288
17073
0
6179
5579
15252
4672
10254
11223
18274
309
14810
4371
12363
0
4798
10762
23791
5219
0
25179
13128
4220
0
12742
3299
0
6583
11852
11843
0
1408
26396
25750
2149
0
148
4856
0
0
671
14768
0
4468
2681
0
13232
0
11526
0
0
10159
14349
11157
0
13863
15514
5934
6218
21230
1718
19713
11563
0
0
514
0
0
0
4805
13732
0
21465
19302
0
4927
0
9376
2741
0
8845
2747
8254
30833
9748
0
0
14580
4505
22272
0
24362
0
2422
0
0
0
13632
0
0
0
20484
12354
17479
7170
0
0
9814
21
0
0
12517
0
35119
6411
31498
0
13578
0
9977
12711
8670
14434
0
11571
0
13276
0
0
23935
9718
23205
0
22562
14462
0
10071
4882
14145
0
12450
0
34076
6307
0
1705
28020
0
1822
1830
4331
0
0
7670
0
6391
22315
10635
0
5632
0
0
16320
0
2394
8565
0
7811
17073
0
0
11993
7031
19000
0
24387
2134
6271
20375
10775
10067
2267
0
8734
21659
0
7758
0
12063
258
11657
16423
5301
0
24784
0
0
14430
13398
0
14563
0
462
27192
13007
3810
0
12257
13831
0
0
6893
15044
13534
13366
11177
0
0
0
11602
0
0
11634
0
9593
0
32987
4714
0
18094
0
11288
0
0
14302
8124
17320
0
11360
17048
7569
3867
0
14237
9480
0
536
23750
12961
18725
0
20482
16538
0
15404
6239
24126
0
10563
7156
0
22657
241
25827
20136
20589
0
17388
13427
5769
20639
11872
0
0
0
9441
32738
1809
5212
11882
6818
0
0
17667
18843
22817
0
20114
4155
4133
0
0
21788
7522
15694
22791
1512
182
0
2888
13221
0
12403
1495
6706
0
0
23723
19459
7950
16
0

=== CHANNEL 1 ===
13464
16405
19169
7367
12339
6585
22520
0
0
0
4128
4025
10670
10578
9078
11340
0
17776
8619
0
13616
2146
9740
12008
0
0
21716
0
26022
22098
3819
0
10618
0
0
0
16573
3356
13844
7824
3056
9047
0
9181
0
0
8102
8929
5305
12190
0
8530
0
2304
7238
11689
6464
17984
16282
6037
13096
11230
27578
18593
7674
24134
0
0
7062
0
8444
9272
0
19657
8794
1738
389
0
9971
497
0
1183
27405
4697
0
5487
0
2938
5894
0
3046
1473
361
14548
0
11918
0
8525
0
7716
0
13663
4388
3604
17978
8912
39802
9122
10903
202
11098
4342
0
88
0
0
0
12992
0
8252
6771
15738
11733
14405
10483
4128
0
19050
17067
10681
8385
0
3960
989
0
11794
13536
12373
4980
9352
3778
11381
14613
5018
27657
3598
7404
254
0
11991
1834
0
46
18735
6620
2612
16461
0
0
6069
5260
1379
11779
4253
11737
19557
0
3206
0
23474
5605
3804
14593
0
3791
21034
0
73
8537
0
0
17386
14801
22995
15215
0
0
0
2164
6188
14013
249
19754
9045
22759
10645
511
0
1562
4592
25424
8747
6960
1482
10155
0
22180
6353
3064
6544
0
5407
1060
19063
7245
20324
16391
9890
21544
10956
21448
0
18126
12809
0
23761
8815
11651
21743
72
15039
0
10739
8453
29239
2840
16009
0
0
0
0
34952
0
4835
26756
18133
0
22142
0
5410
0
24147
0
0
2744
0
2115
0
0
8226
2906
7317
13571
10724
3185
8881
0
20050
6335
3736
22680
12445
0
6431
13097
0
7076
0
6371
0
22991
9955
16386
13898
13421
1144
8757
24085
8223
6365
9185
0
0
24263
34647
2521
6101
10962
22039
0
0
0
0
16715
0
2594
14970
0
0
18322
18881
0
1417
2155
28
0
12688
0
25427
4010
15281
15891
1061
0
0
15356
13368
10558
0
0
4161
5160
12305
4446
0
23414
0
2477
16104
0
11182
20247
12128
1639
11316
21892
0
6687
11512
0
0
0
5408
12570
4280
0
4185
10159
10104
18303
9164
16744
5255
0
10974
23366
11679
9467
5522
0
22805
12803
10825
8417
9600
8478
22306
5870
0
14505
20017
20997
21761
11326
5882
17671
0
15636
0
12643
10738
9778
12281
2774
0
17267
3972
18221
0
23408
0
0
1091
30547
0
0
0
24225
12109
0
9573
0
2274
10881
7074
0
24295
0
2394
0
21902
13267
6051
20736
4774
17610
12220
0
0
5767
0
0
0
819
0
972
0
11658
14274
0
1596
17413
10453
15085
15356
1326
0
0
1807
6228
6641
6243
6473
0
15426
5242
13801
7595
12853
0
5132
1053
6785
0
23258
13532
11658
0
7312
19572
0
10992
733
5413
7614
9271
12863
0
15651
0
676
22
11212
8716
0
21447
6796
0
18011
14911
0
10741
0
0
13826
36345
25211
0
0
26039
0
2380
402
16302
8544
7309
19372
8769
3578
5395
6623
0

=== CHANNEL 2 ===
0
6576
11671
0
0
0
262
7951
0
0
18953
0
0
0
0
20367
23730
4302
11864
0
0
0
0
3769
1438
0
8681
6498
22521
8454
21341
0
0
10656
0
0
0
0
9823
4987
0
0
0
8980
266
0
0
0
18924
0
0
10695
0
12424
15289
2433
10532
0
6828
4165
586
0
670
0
0
23493
22066
8305
85
0
0
0
6202
15855
0
0
1285
0
0
10098
4473
0
9393
21296
0
13542
12449
0
9170
9868
8480
0
5106
11222
5922
0
0
3333
6220
17710
0
0
0
0
0
4017
8464
0
8606
19642
6618
12395
4554
0
0
0
0
9517
0
0
0
1407
0
6874
11805
2142
0
4255
13573
0
14309
0
11720
0
0
193
0
4830
0
0
0
0
2264
0
0
3214
7647
0
0
12104
0
0
0
6746
0
2912
486
9208
302
220
8166
2581
16536
0
183
8934
0
0
0
13666
0
0
0
0
12682
2854
1257
0
0
0
0
10491
11212
0
0
0
7438
0
0
0
11302
0
11272
6170
24163
0
2326
0
0
0
0
0
4036
12458
15267
0
1919
5160
20365
15673
18966
3036
1762
14553
15316
4037
0
0
0
0
0
0
0
0
0
876
4228
14518
12124
0
1198
0
1229
0
20182
0
2572
17532
8875
1205
0
5009
4212
0
13064
9797
0
10973
0
4805
4055
2310
0
0
10803
8453
6473
0
0
471
0
15258
4898
9465
0
20867
17866
16592
0
0
15455
5789
1657
226
14212
0
6424
9116
10506
2888
8222
6886
13825
15617
0
0
0
10327
30416
3633
4968
8241
5086
8128
0
14994
3086
4908
6777
546
1864
0
0
0
2790
0
0
2574
7725
11873
52
8013
21406
20678
6609
0
0
0
6598
0
0
0
0
176
0
1747
0
11565
0
0
7318
0
8209
0
0
12134
0
2051
0
0
542
5379
0
0
12829
22985
726
5659
4399
3125
0
0
0
0
0
0
0
0
17105
5975
1340
0
0
0
0
9105
0
3327
20568
0
10534
4590
7813
8440
2172
9199
7259
0
0
0
0
0
10011
0
0
13852
12820
0
0
0
583
0
5062
12245
0
5695
0
16898
8314
16527
15771
9494
0
20390
0
6670
0
11398
21074
9988
6640
0
19542
0
1690
0
2115
0
9576
0
9443
0
9040
7756
291
6393
0
6221
0
2178
0
0
12208
9945
18192
0
0
0
0
1621
10
5135
0
7432
0
15991
32065
5092
12259
14392
14376
21235
25405
0
13259
0
2894
0
0
0
0
9914
0
0
0
523
5433
0
0
7665
8559
0
5431
0
9326
30729
14748
0
13844
2845
12713
11701
15339
8617
7102
2104
0
14751
17977
11671
0
10469
0
0
0
0
3175
12613
3451
2203
9475
0
9072
22881
16331
7343
4004
0
0
3686
0
2553

=== CHANNEL 3 ===
0
0
0
20522
0
0
0
0
39928
11067
0
0
0
2730
2922
3541
12735
0
8286
8384
0
0
0
16922
0
0
0
11893
0
0
0
0
0
0
0
8035
0
14901
6704
4949
0
0
823
0
0
3708
15346
5251
15250
0
5808
0
0
5923
14672
0
0
6234
0
0
0
7556
13358
1518
5315
7802
9948
30552
0
15213
0
0
13058
3910
21322
0
0
0
0
10425
0
2290
0
8080
0
0
0
0
10683
0
15554
0
0
10471
12586
0
0
0
0
0
0
0
0
1147
0
3284
0
0
0
0
28660
5959
0
144
16844
0
0
0
0
0
0
0
0
0
0
0
0
0
6960
221
12824
0
11924
0
2727
0
0
0
0
16728
0
0
12696
0
23149
0
5982
0
17790
0
7301
769
0
0
0
3861
9558
7389
8719
508
0
0
0
0
0
0
0
0
0
0
4104
2566
0
6643
0
0
0
0
0
2343
0
0
2791
11249
6224
0
0
0
100
0
0
0
0
23752
21942
0
0
0
0
0
0
0
0
0
0
4802
0
0
1117
8592
0
1072
0
11884
5688
0
0
0
0
4275
0
0
0
0
0
0
0
0
0
1761
0
0
0
9415
0
6437
0
0
0
0
0
0
18517
2424
0
0
0
0
12741
21727
14071
8724
3504
0
0
0
4690
0
1723
0
3790
21374
15272
24651
19177
0
0
3085
0
4278
0
0
4813
23261
23680
0
0
1374
0
11490
9155
12883
0
21232
16130
0
0
0
5812
0
0
13681
0
0
0
24433
0
0
7732
0
0
0
2883
0
0
0
0
2341
0
16641
0
16416
21595
0
8415
7395
12821
0
0
0
11133
0
0
0
0
0
0
0
179
0
7886
0
0
0
0
0
0
6176
0
2313
0
8918
0
0
0
0
11591
11144
0
0
1828
0
1338
0
0
0
0
0
0
0
0
0
20548
0
0
0
0
0
0
13097
0
0
0
0
0
17650
0
0
0
1066
4504
19575
2487
0
0
0
3911
0
0
0
0
0
0
0
8476
0
0
0
0
17642
7971
1124
0
0
0
0
0
20732
6855
4294
0
22204
0
3543
0
0
0
21745
0
0
4975
3201
0
0
0
0
0
0
5850
0
4693
0
6577
0
0
0
0
0
0
6406
0
11872
5711
0
20982
0
9085
0
19684
0
1291
9532
19003
0
0
0
0
0
0
4948
0
0
0
0
0
0
2477
6537
0
0
0
2825
10067
0
0
0
0
0
0
0
1949
0
4222
10102
16923
0
16579
0
5285
0
0
0
0
0
0
0
0
12081
0
0
9857
0
12379
0
10063
7289
0
0
5725
0
0
0

=== CHANNEL 4 ===
464
6603
11551
1408
0
0
0
12352
12344
14083
9372
0
7771
23206
1499
18639
19483
4379
2947
5185
0
0
0
18814
17818
17535
5210
18862
0
22505
0
3505
0
15879
9973
22721
1446
5255
0
0
1011
0
4876
6274
0
1914
17763
22775
7446
0
0
0
0
1523
1306
16014
0
1206
0
25449
5474
0
0
0
2879
0
15514
9790
0
0
1882
7768
35432
0
11170
0
17650
0
0
0
6838
20449
7765
0
0
19477
376
6908
0
3354
0
7793
7045
11327
10340
8269
0
0
10826
15128
6772
5472
2439
17250
0
14327
4399
0
7196
4424
1920
6469
917
0
10655
20545
8276
22650
0
3717
4178
393
0
9090
7679
0
8676
14088
3915
0
0
12150
12726
5293
12855
0
9913
0
6149
770
8698
14231
9338
13315
15074
4508
9850
13485
0
9883
7787
19691
0
25433
14109
5181
1985
26368
0
16816
15040
7715
7437
2428
3689
7253
3907
0
0
0
17912
9359
2049
1653
5441
0
0
0
0
14382
17055
3177
13036
4020
5451
0
0
941
0
20355
5921
18678
0
7461
14703
0
0
0
4831
20224
0
3828
0
16626
0
5670
0
17470
23226
6909
123
27392
22832
6183
1970
13097
5433
0
7299
14618
0
2212
4006
23556
4551
0
0
19563
20026
0
0
0
3428
1935
0
12774
0
6179
19098
0
13093
0
0
2695
3489
0
0
0
2104
0
12185
0
12700
10522
8245
0
5515
15820
4099
5959
6665
2479
16462
0
0
0
14655
0
17595
4937
16885
0
16752
0
7914
0
1791
0
16334
16659
9861
18102
18010
4740
16521
3125
0
2814
17276
14511
0
18792
0
6435
25405
0
0
0
3165
14358
6652
0
0
0
19037
12924
1263
0
6079
3584
1081
18802
5578
13371
8140
101
2115
16602
21114
10472
1645
0
11634
0
9151
0
6457
377
11290
569
15628
17901
522
4958
4618
2892
2605
0
2594
18787
3341
7685
1118
638
6924
0
3540
2833
5984
0
470
0
0
15398
0
0
21732
33701
5925
2707
830
0
7670
0
6810
0
0
7017
13825
18012
7029
0
0
19168
0
0
14013
10455
6413
5318
6811
0
10326
0
12714
17820
634
0
4843
0
2858
27741
3907
0
15181
0
0
21450
14930
0
19360
16404
0
0
4947
14930
22640
0
5115
21792
2077
25620
2930
7914
1060
14333
9925
0
8960
18175
17896
0
3498
0
6649
0
0
0
4765
4810
6
5454
0
12972
0
17212
8275
0
3871
15856
1257
1122
0
5747
4635
32864
7253
6242
720
22556
0
4207
0
34153
0
0
8089
29340
11136
2087
0
14348
5422
0
0
0
0
1048
0
6464
5825
3151
5392
5266
0
22175
6524
0
0
10090
2452
12533
18368
2456
8555
8193
6140
17795
609
22913
0
10244
29227
25833
9049
5443
0
11458
6803
3761
5210
0
10411
0
16580
6109
5438
0
4390
4323
733
4010

=== CHANNEL 5 ===
6698
21444
5551
21425
9773
0
3376
0
13338
3546
14828
3789
0
3031
0
0
6181
2120
4605
40526
19164
27701
46
6940
4122
22533
0
3352
0
0
20668
0
0
3923
0
0
0
14457
16331
37258
7111
23547
0
0
0
18587
0
29277
382
6226
9511
20060
7109
12348
12381
3561
0
918
1652
25191
0
2092
13548
9617
0
0
21736
0
3191
2107
12276
0
9360
1077
15633
0
8862
0
3782
0
8579
0
0
0
4755
0
0
9057
3890
0
5298
3322
7112
12589
0
5172
8450
3899
0
0
20199
1814
14900
36085
105
27512
2780
20667
9696
605
0
8317
12324
0
0
0
4101
8624
0
0
9113
8310
507
25321
13962
22253
8937
2967
16615
0
2058
7187
6399
8834
0
0
0
0
4360
18493
5903
13873
19174
0
26335
0
7650
0
12005
0
0
0
22327
11407
12582
0
0
0
0
21389
16126
14729
0
0
0
0
0
0
8940
0
26176
17674
13532
0
17290
10998
0
12136
4646
18939
2127
0
8723
0
12584
25362
0
18870
7472
8413
575
18983
0
35318
8924
0
0
0
12173
11394
0
16270
14187
15372
0
7507
0
0
2103
0
9912
2778
14757
6904
5906
5434
24593
7466
12421
7567
0
8693
9750
15672
0
8836
9727
18928
27650
4553
28406
25116
0
14100
5881
17921
10085
0
14804
7728
0
13248
8502
24742
19026
8800
1497
0
13076
2780
12269
0
6482
0
8152
3654
0
3636
0
8976
0
11001
17209
3696
35807
0
10497
21668
16460
29487
7573
23812
26844
2551
23694
816
10811
0
4931
8069
19923
5237
20577
0
23882
20410
12506
16303
8519
17238
15673
9291
9019
27769
0
9316
0
5478
19036
3110
4780
0
0
0
787
2949
3088
15640
0
15886
15906
19161
0
0
32302
0
31007
23647
11207
21592
9867
7963
17716
0
5076
33496
0
5509
3006
0
1121
16296
0
0
4384
0
7048
18774
14038
20810
8118
17576
5613
9978
5343
0
6671
0
17273
0
0
0
21154
11290
6444
0
7740
0
0
18660
15287
19700
3009
13474
12688
7133
11747
5728
8931
21074
0
14731
1696
22995
17944
0
24867
0
4002
11395
0
33864
15618
921
12970
0
7341
0
0
15225
0
36071
0
0
14320
0
26482
449
8252
4636
10930
0
10006
0
0
11295
21970
2940
20918
2965
0
0
5768
25285
3697
4504
4482
21599
948
10973
7373
8149
12061
11145
0
7205
0
2633
2761
6606
5569
6522
0
4186
13591
1490
3798
4107
5105
15823
0
5480
5136
5173
17953
9759
34373
0
0
0
0
0
27246
24838
5747
24727
15564
20577
8342
5470
0
4701
20478
24160
0
2510
14452
16252
3786
11469
3637
1388
0
10151
10101
21731
7816
8548
0
0
0
0
19600
7069
24494
33598
14146
6305
11458
7485
7368
30457
15837
17924
0
1009
2783
7932
4305
20031
0
21250
14980
11194
0
11620
4151
8096
857
11940
22427
0

=== CHANNEL 6 ===
12772
0
8939
0
0
3244
6636
3110
25936
0
0
0
7609
0
0
0
185
0
0
3924
0
0
0
0
0
6685
0
17756
8293
1602
0
14764
4189
12985
2241
0
5222
0
0
279
0
0
0
16462
0
0
5382
0
0
0
0
0
0
0
2153
2926
0
0
0
1144
959
15403
0
0
26462
0
883
4219
16020
0
0
0
13239
733
11329
6910
5038
876
0
5479
5833
0
1001
1677
2440
0
503
0
0
0
0
0
0
0
7835
0
5434
0
8624
5415
3677
0
0
0
461
6272
0
5399
0
9966
17271
12381
0
0
9843
0
0
0
10078
0
0
0
2330
0
0
0
1528
0
0
16041
0
5279
6755
3660
8242
0
7696
0
8305
0
0
15678
0
8710
4289
0
0
5605
0
23623
5075
7761
0
10171
0
0
19117
5417
15300
0
1010
2605
2405
0
10478
15652
11698
0
11845
0
0
2231
0
0
0
12002
3644
0
0
6593
1128
0
12116
0
547
0
0
0
11083
0
0
10470
0
0
0
5425
0
19591
0
0
0
0
0
0
0
1842
0
0
13574
5018
0
2201
11814
0
9045
3878
0
2365
0
10084
0
0
0
0
19851
0
0
6776
0
1476
0
0
1168
0
0
0
0
0
538
0
5682
0
0
0
0
9231
1038
0
0
0
8920
0
13537
11782
0
4371
4172
958
0
0
12601
0
3640
1967
0
0
9372
0
0
0
0
0
3620
0
13014
0
2993
11466
14502
0
0
0
7227
6577
4307
7481
6797
0
0
10123
0
0
0
0
0
0
0
1670
3800
0
0
0
4689
0
0
12156
0
0
11116
0
0
0
0
19687
1591
6477
4812
6016
0
0
0
0
0
0
8615
0
862
0
2705
10235
0
0
0
3168
10210
0
16289
0
0
0
49
0
0
0
1489
0
0
4209
0
12970
5442
15948
4877
0
0
0
5290
1928
0
0
4329
0
0
0
0
1755
0
0
0
12242
0
0
0
7475
0
0
6596
0
0
1481
0
0
0
0
1703
1148
8148
0
4385
1802
0
6356
0
0
4089
3014
0
5421
1580
3270
0
2319
0
0
0
10158
16673
0
0
6577
7514
2166
0
3258
1004
0
4998
0
0
0
0
343
0
0
0
0
0
9976
0
0
0
0
2795
2827
0
0
25935
0
0
2262
16975
0
0
13668
9575
306
954
0
2690
14978
17511
8176
0
0
0
0
0
3776
0
18652
14141
0
2487
3645
4446
0
0
0
0
0
29737
0
0
0
0
10853
0
1677
0
10559
0
0
5735
8628
0
9648
9539
5648
0
24110
17022
4279
0
0
771
13807
0
0
0
0
21728
0
0
0
0
1598
9534
0
0
1062
0
2750

=== CHANNEL 7 ===
6434
1212
10826
11681
13570
0
0
3616
0
0
5860
10179
0
0
2232
0
0
10355
4589
0
0
10916
2541
0
0
0
12332
0
0
0
0
932
0
0
34687
0
6579
7571
0
4505
0
658
0
0
7206
0
7430
16436
0
0
5510
23277
13484
0
0
0
0
0
939
0
18821
0
0
2276
5791
5805
0
0
0
0
10301
0
0
0
0
19990
5493
0
0
506
0
0
7544
2569
0
0
7894
0
16660
3135
0
4187
0
14446
6197
9542
0
0
11120
17407
8646
6804
7779
0
4079
739
87
37
0
0
0
0
0
0
0
2782
15404
919
0
19
11830
11225
13362
1261
4006
8648
5182
0
0
2371
0
8558
3156
0
13293
0
16464
8713
15243
0
4931
0
1849
0
0
0
4501
0
0
12008
4560
6851
8096
0
14906
0
0
0
10253
0
6018
0
3744
0
0
4494
0
0
7084
0
0
5078
8775
0
0
1438
0
7666
9147
0
14690
0
9106
5267
0
0
0
0
3698
2973
4705
7920
0
0
4384
0
6879
14293
0
12772
14638
995
0
5367
7154
0
0
10464
0
0
0
10874
11664
0
0
8589
12251
11039
0
4473
0
11341
0
15605
30094
0
5831
0
0
6597
34
0
4779
2162
0
2552
0
29
30526
0
6532
2504
2769
0
0
6518
2417
1720
0
4272
8965
3777
0
0
6986
0
0
0
0
13309
16402
0
3354
19486
0
12607
4806
3141
21261
0
0
0
4429
0
0
1799
1322
8225
15534
0
0
0
269
2116
0
2347
0
0
9347
19425
14105
0
5913
0
7952
8752
0
5939
0
5810
8424
0
1338
0
18360
11420
352
0
0
472
0
0
3388
0
0
4436
0
379
3813
0
0
14076
0
13097
14243
4663
0
11276
0
0
24401
3882
6385
5882
0
11111
12708
0
0
0
0
0
642
13617
0
0
0
1926
0
0
0
11584
1128
0
332
0
5187
0
11515
947
0
9647
0
1658
16326
8805
721
0
0
638
14383
15357
5480
0
1893
0
0
0
8905
14901
9283
0
0
0
5308
0
0
1917
1131
15966
0
0
8069
3834
0
25402
0
0
0
0
0
2762
5726
0
0
0
11501
6369
0
7322
0
0
0
0
5651
0
6844
4526
4708
4294
17267
0
0
24563
0
0
0
14570
0
2716
19195
1524
2843
9789
0
0
26625
5583
12381
0
4739
674
2474
0
0
0
0
0
0
0
0
10904
0
6355
20690
898
0
5010
13987
0
0
4559
35075
0
1592
0
1275
0
5221
0
981
0
12312
8103
1631
0
6563
0
0
8737
0
7989
17429
0
0
0
11713
0
0
0
6238
1354
1095
11450
12129
9626
0
0
0
0
0
0
0
4007
10087
8727
3845
0
0
501
0
2191

=== CHANNEL 8 ===
0
0
0
3554
0
0
0
0
0
7116
7617
14821
9612
12304
0
0
0
0
1553
0
0
5255
0
8153
4204
6004
0
22503
0
0
0
0
13934
0
756
12001
3271
1097
0
0
0
0
2087
0
0
8234
6480
18250
0
0
0
0
8687
7136
0
6183
0
1907
0
0
0
0
976
0
8207
0
0
989
0
0
3185
3572
7721
0
0
16873
11250
2071
0
0
5183
5977
0
14459
7999
4087
0
2819
4589
2884
0
0
8584
22659
0
8688
18605
0
10149
0
25168
0
0
0
0
1745
0
1967
0
7726
0
3660
221
0
29650
0
27505
16040
0
6642
26641
0
0
0
0
0
0
0
3856
5833
8098
3570
2718
0
0
0
304
0
0
0
0
0
0
10870
637
15463
0
2513
7116
0
8412
1858
0
9174
6447
10599
0
8608
15465
11421
2838
0
0
1619
7446
0
17377
6424
16303
0
0
19245
10001
0
4743
0
0
0
10454
9116
6374
3937
2360
15735
3715
7541
5820
10622
0
12072
0
2012
1940
0
0
0
0
8539
12902
7681
0
0
0
7082
124
0
0
18190
4679
5783
16129
13354
278
0
3986
0
0
1437
0
1920
13611
0
16311
0
7311
8146
0
0
0
7497
9983
501
0
3918
0
0
0
0
2320
0
0
0
0
8889
0
0
0
0
9587
0
0
0
6398
0
4394
0
0
3983
5723
501
2252
3149
4036
4
0
0
0
11651
0
1007
0
8595
0
1287
0
5823
11102
0
0
17316
0
10015
0
8316
11139
0
7353
9318
0
20982
9141
0
4301
0
8987
0
0
0
0
5063
4535
0
18791
754
4875
0
0
5290
7847
0
0
18885
0
7791
132
2533
11946
13046
3646
14512
1621
0
501
2855
14465
0
0
0
16950
17039
0
11409
6582
0
11346
5173
7739
1102
0
5239
0
9557
2779
2616
2503
81
0
0
542
0
2241
2373
4484
11319
0
0
0
0
0
4687
0
7352
6401
0
0
7104
0
1489
0
3721
0
0
0
3671
0
0
5644
146
15645
0
0
1301
0
2261
1981
18722
365
7551
16313
0
0
0
0
0
18101
0
13297
11703
0
0
0
0
10565
3087
19039
0
7559
0
0
5777
0
5105
0
21833
4308
9882
6278
10307
14515
3476
0
0
0
0
8606
0
0
0
9362
10333
0
0
17031
0
2454
4289
12959
0
12717
27604
0
8058
6543
4025
0
0
4321
0
5917
0
0
19137
9672
11704
0
14851
13689
0
0
5889
3916
5520
0
10194
3904
0
0
0
0
0
0
15426
0
11721
0
0
3463
410
0
3830
2430
0
5291
12364
0
13494
0
0
0
0
0
8448
647
0
10257
0
0
6487
10352
0
0
0
13994
0
0
3727
0
0
0
0
5086
0

=== CHANNEL 9 ===
3155
8783
32567
855
22360
6935
0
0
17934
0
0
23049
14609
7838
0
0
0
0
0
29231
1676
31494
0
4526
0
16311
10581
17592
9563
8230
19128
0
0
0
0
2157
2476
8328
8912
11095
8248
15411
13737
17408
19948
0
0
0
3441
21458
23297
4105
5352
0
0
6963
0
27992
8153
0
1237
11915
12732
0
20868
12606
36692
0
0
36765
0
0
9826
0
0
0
0
0
0
15071
14021
0
5544
0
15592
0
7874
2378
11663
0
6625
1329
3171
0
442
0
8626
7508
20788
15788
14001
0
0
10863
3623
0
7413
1489
14242
2321
0
0
9754
17623
0
13852
29034
0
3007
0
0
39601
17106
0
3076
0
13674
0
4849
0
0
0
0
24631
16118
5899
3700
0
17396
9366
17569
17604
10927
22178
7899
0
2100
0
0
0
2538
14839
14732
0
0
0
0
0
11020
17795
0
7707
0
0
16937
0
0
24280
0
0
0
4868
0
16467
14607
11584
13385
20272
0
16617
16912
22044
11866
0
15647
36456
15798
3416
20550
4764
18928
13838
2000
23101
0
1671
0
0
0
21726
0
21140
9031
10547
11160
9020
0
0
6459
0
638
0
0
8737
0
0
1679
20305
1613
11445
9704
24893
0
22535
11346
14284
0
0
12460
8257
21098
26248
10996
18180
5115
24724
9939
24555
11526
0
7601
3425
15382
24081
0
2353
7001
5219
15113
10912
20610
11123
10636
9373
0
3497
0
0
19309
27471
16977
0
5112
5416
10976
0
16934
5037
2899
25697
10806
6723
12676
19510
2525
0
425
23248
12969
0
0
0
0
0
1039
4372
1106
4544
2126
12716
3424
19324
0
5907
8518
13804
41064
0
0
0
0
1935
0
14402
0
0
7605
16479
20146
2078
22609
3534
23552
2308
2496
8283
17338
20117
0
14843
0
6980
9571
27171
12607
15604
9989
16488
4212
0
6486
0
0
0
0
13206
0
14614
0
9088
19985
5417
14745
14198
0
4383
0
0
2709
11140
7647
0
13653
29953
9574
1946
12383
0
19896
257
0
21989
0
16062
10099
24007
16388
2775
12380
10148
8436
10390
21611
0
0
10070
0
0
15783
15992
0
11116
0
15536
16675
12432
0
8897
0
12290
0
10476
0
0
0
0
15775
232
4433
0
6473
11121
1071
0
0
0
2854
22242
6686
0
0
0
13554
33
10390
31133
6448
8798
11499
7766
25598
0
17815
21379
10990
9068
0
26427
38707
0
0
35429
0
0
10084
0
5044
14104
14617
11419
15837
7463
0
0
0
0
3306
360
0
0
1854
0
443
4574
18394
21595
0
10373
7571
20630
1070
2506
4459
9079
0
26526
0
20255
0
0
13162
8041
15187
0
0
0
0
10131
2714
12163
0
0
0
0
0
3584
4336
16598
0
0
0
0
12563
11398
11407
2153
0
1173
0
0
0
10435
8556
0
0
0
8638
12719
19260
2969
10108
0

=== CHANNEL 10 ===
15553
0
0
0
8579
0
0
2967
3199
0
0
10942
20759
0
4052
0
1187
11159
3475
0
18559
6667
0
0
0
1781
11761
2977
16483
6253
16407
3539
0
13622
19961
7245
0
1873
2911
0
14652
10371
1216
1915
20599
6643
0
0
7525
9555
7033
404
0
13556
0
6718
0
11593
19321
1093
32262
7576
0
0
0
5063
12304
0
0
0
0
0
2043
7018
14390
0
701
0
0
12659
3048
0
0
9054
0
0
13585
0
0
560
3218
0
0
0
0
14078
0
12252
4401
0
0
5592
11010
0
7765
0
24957
3738
6337
0
0
1676
2177
18586
0
12404
0
0
0
11335
0
13226
0
0
6198
14399
13355
1228
2767
10555
0
3955
7279
692
0
0
0
2810
8482
0
0
0
6738
0
0
0
3075
9590
0
0
0
2162
7612
0
0
0
0
14045
10016
18349
3900
3471
13141
4474
0
12312
0
15713
0
0
0
0
6517
14666
4829
11865
2062
0
0
222
57
8155
5253
0
0
989
8148
12965
0
0
5214
11499
2886
0
21520
13892
0
8169
0
2689
0
0
10379
4674
8710
0
0
0
11356
12081
0
0
4716
13664
3450
0
2142
0
0
4460
4453
0
0
18456
11035
6563
4053
5287
6955
0
0
0
0
0
0
0
0
11609
0
11803
13484
3095
0
14069
3632
25371
681
5865
213
12392
6701
0
6248
0
0
17139
7720
0
19882
5094
0
0
0
0
0
0
0
0
3834
0
10199
8755
0
0
0
5138
0
0
0
0
0
0
75
0
5119
5284
3698
0
2745
15722
5459
6315
9528
0
0
0
2203
0
2211
0
0
742
0
18156
4619
7706
5565
6462
0
7055
1693
0
256
0
1637
3855
0
4867
4750
0
0
0
0
1153
0
24512
0
0
0
0
9190
0
13522
7163
0
21249
0
0
0
0
0
0
10313
0
0
0
145
4637
0
0
0
8532
12566
0
3775
3896
1614
0
0
1049
8812
0
0
0
0
4855
4041
7143
0
0
21538
2362
7933
1731
1671
0
5012
2544
8966
353
4984
0
1190
0
0
0
0
15758
4921
4770
13962
6352
0
0
2576
507
0
10967
6295
4227
0
10397
0
4180
1688
14108
19147
0
0
6457
18766
0
1328
7834
4699
0
9676
0
916
0
6603
0
0
10774
0
3136
6144
2702
0
10900
9830
15118
1511
266
0
38686
8964
2089
0
5768
7637
14552
0
0
14985
617
3764
27553
0
0
0
0
0
1133
20403
0
0
9312
17087
0
0
4179
13558
0
8861
0
8811
33
12714
4701
1818
8237
0
0
2792
0
18648
10628
1742
13608
0
0
12282
0
0
11851
5652
0
0
0
0
17057
4479
0
621
0
0
17530
12779
8365
5537
0
0
0
2231
0
15892
3868
0
1987
3513
494

=== CHANNEL 11 ===
0
2687
0
2597
0
0
0
15392
0
0
15753
20038
0
0
0
3137
15659
11813
23421
0
4638
504
8558
13464
0
0
8739
4577
10835
0
8641
0
7585
3117
0
12655
4068
1179
4318
0
0
12900
12967
0
0
22131
12835
0
13268
5472
301
0
0
10346
20059
0
6572
0
0
10551
0
0
0
0
0
9602
415
4974
0
0
11824
12641
0
9265
0
5275
2034
0
0
0
6157
240
0
14262
1729
0
0
8941
15011
6961
10387
0
12744
10500
0
3575
0
2852
11946
12983
0
6899
0
0
4745
0
0
1255
20030
12152
0
0
8192
3198
2204
17298
0
1041
0
0
8520
2776
0
1411
16091
11073
0
13578
989
0
14578
0
884
6316
812
0
0
10883
2492
0
7878
0
3743
13596
0
0
0
6125
0
13993
0
0
8154
17562
19007
11510
0
0
0
0
0
788
0
2569
11450
2124
0
4877
0
0
0
0
5047
16709
10659
20436
0
0
6166
0
4414
15802
0
3216
0
0
9200
6952
749
0
6743
0
25582
0
3450
9747
6434
8421
8282
0
5569
0
4218
0
16514
0
1699
1788
8298
14506
15251
15825
2580
22291
16259
0
0
0
0
4908
1063
0
3724
19302
0
0
12519
0
0
2452
1934
1545
18255
0
4305
0
4569
2045
12506
20996
0
3044
0
0
0
14969
1044
7426
0
0
1881
23399
2721
0
6385
10874
0
9240
720
0
12681
12983
0
0
10221
0
4004
0
4652
0
10098
8999
5600
3459
8821
161
20347
9277
0
6341
11249
8352
7301
14531
0
0
5967
3446
11527
11240
6968
0
16129
3778
0
2450
0
0
2249
0
0
4506
7347
6075
0
0
0
4481
0
6080
0
0
17670
8003
3386
4549
0
0
8223
7138
0
0
12461
0
0
4504
0
5040
0
6621
1675
0
14484
12857
0
6751
0
0
0
1973
16869
0
4831
0
5197
2857
0
0
0
0
6477
11390
0
0
0
8455
8555
13189
12514
8621
0
0
0
0
0
0
0
4568
13659
0
8461
0
9153
5993
0
0
4222
11523
10520
4145
5789
0
1073
11308
11162
1071
0
3488
8716
0
0
4106
0
11158
0
0
0
0
0
0
5074
4112
5110
2811
0
7142
0
5775
25278
0
0
1991
27425
1048
13178
0
1845
0
11475
0
1215
0
18727
1082
0
0
0
0
0
3888
0
0
139
0
3376
20971
0
8527
7280
11626
0
6922
3075
3765
0
0
20016
12649
10834
12317
0
0
9691
845
5278
0
35729
14394
0
0
0
2850
0
0
5423
0
6349
275
0
11293
0
6379
8410
0
4303
16433
0
0
8832
0
14621
14658
14801
9864
16461
7465
3752
11089
0
3080
0
0
0
10724
13070
0
22966
0
6878
13421
0
12615
17698
12214
6486
0
0
0
0
2443
0
4520

=== CHANNEL 12 ===
11595
1471
20318
0
0
527
3256
0
0
0
0
0
6811
6341
0
0
0
0
0
29568
0
0
5929
0
0
14697
11093
19171
15650
6098
13592
4158
22416
7660
0
17077
0
3238
0
3717
7100
0
16515
20909
6106
0
0
0
0
4349
17423
14076
0
6692
0
0
10071
18697
0
0
0
15354
14558
0
16181
0
3306
0
0
9344
11451
0
0
0
8754
0
11175
6081
4428
0
5716
4164
10113
0
0
0
0
0
15893
3608
9497
0
0
0
0
12261
4226
0
0
1945
4183
18236
23129
21304
822
0
0
3095
4680
0
0
8892
0
0
29152
16103
0
0
4455
5348
9148
15348
0
0
0
2025
6221
0
0
0
0
0
14168
14961
17491
20034
8856
9523
1759
0
22279
1501
469
8417
14979
0
0
0
6496
0
0
36577
13506
9827
0
0
4787
0
1637
11138
14416
7159
1996
1071
13746
0
0
9725
25493
0
0
3275
19418
11615
0
16724
5003
6381
2994
4663
4677
0
18308
965
0
9004
0
0
0
0
0
16114
0
6291
0
0
14696
12595
0
10097
0
18861
0
922
0
0
11177
0
22129
0
0
0
13918
3554
13110
18209
5810
606
8978
0
0
1609
6316
3236
0
11573
24440
10803
10963
2918
8749
12053
1712
15003
0
7273
0
1766
6887
0
8570
0
0
17871
0
0
10379
5797
17415
2907
16535
19252
4003
22788
0
8988
8585
0
0
8053
2548
0
0
10748
0
0
0
13212
0
26988
11396
0
9493
0
0
0
17573
9528
0
18126
0
0
0
8724
0
14984
9791
0
11141
11722
0
20574
16007
1795
417
0
0
3452
11159
9949
10207
5287
7950
2519
11662
15784
10693
0
2210
1558
2870
0
0
14358
0
8827
3563
7526
6311
0
0
502
9927
7648
0
908
15323
9395
14388
23269
2802
0
11446
14072
11796
10026
11127
22885
0
0
3908
1206
0
0
0
10643
0
0
9386
0
0
13469
11678
0
18086
6282
6456
0
0
3213
0
0
153
1768
5894
4633
7768
8526
4226
0
0
32874
14441
17927
3146
6664
15359
14665
0
1654
1074
0
2745
3947
30758
0
0
0
0
20923
0
0
0
0
4316
0
0
8838
3325
0
0
10371
29340
3377
28224
0
0
795
0
0
0
15255
0
6908
0
0
308
482
0
13678
9834
0
0
0
13493
5104
8019
26350
0
5465
8393
3053
23043
7120
5042
3944
31931
13487
0
1226
0
0
928
0
0
0
0
0
34594
0
0
7211
6990
2474
13360
6278
13625
15509
0
17384
3158
22947
11245
9616
19677
11045
0
12954
7156
31910
0
15460
5182
0
3691
3416
6574
2062
16162
8558
7923
0
0
13500
0
2464
6245
23930
0
3489
0
17258
18616
0
5495
345
1403
15836
5063
0
0
0
0
0
0
0
37368
14003
11194
0
8746
0

=== CHANNEL 13 ===
2413
11596
386
17999
10217
0
6325
5497
0
0
15658
0
0
28172
0
0
0
0
7553
13307
22286
12505
0
7659
7454
16349
1078
0
0
0
6310
0
0
4916
0
0
14188
291
0
6563
0
4674
8287
17219
464
7806
0
0
0
11056
25751
0
3459
0
0
0
1721
2271
17897
8568
0
5617
7736
5326
9089
0
0
7196
8015
0
16108
0
0
286
0
0
0
9327
0
619
17153
0
0
0
19586
0
0
0
13032
0
0
5741
5315
5518
0
0
13642
0
1467
0
7800
0
0
19076
722
29075
0
13654
11576
9663
0
0
7159
0
14939
0
34079
0
0
0
12116
10847
3485
1630
7588
0
0
76
4698
4628
0
9180
0
0
0
13604
8694
0
0
658
0
5115
407
5063
0
4633
0
0
6530
0
0
6289
0
2613
8458
0
45
0
2299
0
0
8730
0
0
0
0
16384
0
8188
0
6562
4992
0
5879
4428
0
4307
15231
0
3284
10258
0
0
0
0
5027
3587
4212
2750
0
0
10126
9251
16240
0
9545
2663
3426
0
14882
8969
16315
7228
8792
7366
0
0
0
0
0
3143
0
0
0
0
21499
0
5293
0
6836
12241
14601
11240
0
3166
8498
0
13141
0
7676
4497
22128
12720
19536
0
7850
24306
0
7998
348
0
0
14347
10424
0
0
4680
0
8002
7631
0
0
1744
721
8083
0
2539
7940
24059
288
6110
7798
0
24733
1879
11932
6912
24008
6358
19002
0
111
4936
943
0
0
7217
7027
0
6760
5023
19876
0
0
0
0
8350
10688
0
0
14905
33100
0
10771
29166
31563
0
0
11923
0
0
0
12621
0
0
12323
8176
11567
5375
3218
9598
5301
0
2319
13226
8282
0
12060
5959
5436
0
11197
3886
0
0
2180
0
20128
6252
8729
0
0
0
0
0
0
0
2327
0
3761
0
7897
0
3506
9968
0
11345
3188
533
0
7191
0
15208
23639
0
4793
0
0
14071
551
3526
11261
4642
28311
7826
15758
0
13503
0
14880
4510
10937
0
15521
2079
23818
0
6837
30315
22888
5865
13589
0
6903
6924
0
0
5451
11758
17324
3852
22995
1865
11884
900
10985
10008
13787
0
0
0
0
16221
583
513
0
24098
6880
3617
431
0
0
8388
0
8682
0
11695
7682
7555
16060
0
648
15585
9734
0
18585
502
5074
21506
25376
0
0
28767
0
0
0
0
0
7345
3145
2447
0
255
0
0
0
0
350
0
11788
19436
348
4501
9131
918
0
0
20446
496
7732
0
0
0
0
0
19479
16111
12623
14851
0
0
3459
0
5229
0
9342
17824
840
0
3524
0
0
6883
9281
776
15268
1442
4224
0
10186
0
0
0
0
0
10790
1753
0
0
0
8811
0
15124
10507
0
0
0
0
11548
3744
9722
0

=== CHANNEL 14 ===
381
8465
0
9511
5563
1551
11213
0
9494
0
24097
6492
4961
15234
12789
0
2597
0
0
4486
0
3140
0
761
0
0
30598
0
0
5567
0
0
0
0
3773
2787
20232
1720
0
16813
0
2000
0
679
0
0
8020
6837
0
6422
0
4281
9424
2524
0
0
0
0
2979
2315
10539
6259
0
23875
25061
0
22036
0
0
0
14585
0
18595
0
0
0
17232
0
0
0
1581
0
16008
0
0
97
249
0
805
0
0
0
0
10666
6701
0
0
4452
4537
1296
10395
0
0
0
0
0
0
12539
0
0
16339
0
8056
0
0
8286
17300
1110
0
0
0
3938
0
1634
0
14387
0
0
18584
6148
0
25657
9449
0
3257
0
11813
0
4371
0
1419
0
0
0
13306
0
4327
0
14585
0
0
0
0
0
2333
0
0
0
39253
3021
14475
2248
0
2769
0
0
12380
0
2175
0
13533
5522
0
9069
0
0
0
0
0
6118
18672
0
2248
1990
2525
0
2483
0
7075
1490
6436
0
0
13715
0
0
4917
0
0
0
0
8477
0
8629
0
0
0
0
7281
0
0
3601
0
0
0
0
0
0
2733
0
0
10812
0
16426
5855
0
1372
0
0
8806
0
208
0
0
6388
0
0
0
5430
0
6317
1628
0
0
0
1644
0
0
0
12380
3387
0
14191
2618
8497
0
6816
10019
0
25105
0
0
75
540
0
0
0
15618
19310
0
0
0
0
0
11152
0
3432
0
13993
0
9767
14743
0
0
4903
0
4397
7116
0
5082
771
13677
0
0
9302
15023
7855
0
0
2215
4558
0
7502
0
30446
4832
0
0
6210
0
0
15024
0
4912
0
913
0
229
3262
6447
0
0
0
0
18423
0
0
3852
3409
0
13532
12442
353
2118
0
0
3030
0
0
0
0
0
0
0
0
0
394
0
6387
0
10176
0
0
8131
0
0
0
4729
16141
1679
0
0
7910
4384
0
4511
0
0
0
0
0
6897
0
2932
0
0
0
6862
14599
19778
0
2737
0
0
0
0
8020
0
0
8226
0
23571
0
63
0
15572
0
6748
3200
0
0
0
0
0
0
0
51534
0
0
0
8056
0
0
0
0
0
26609
7368
0
3539
4474
0
0
0
0
0
0
0
3665
16572
0
2292
18360
972
11514
0
0
0
0
7663
484
0
0
0
0
0
0
0
0
0
25613
0
12617
3021
0
0
0
6930
0
0
8320
5412
0
0
0
6618
0
13730
0
5613
807
0
0
0
0
10282
0
0
0
0
0
0
0
0
0
13202
0
0
0
13992
7864
0
0
0
0
21341
0
0
0
10421
5582
0
0
0
0
0
0
0
15904
0
0
0

=== CHANNEL 15 ===
3488
0
12544
0
5178
7674
0
0
1401
10398
1261
5554
5457
4537
2913
8860
0
0
9503
10653
0
8274
0
4062
0
10736
27156
513
0
0
19859
0
0
6921
12051
2466
25368
11294
1092
11534
0
1909
18148
0
22364
0
9794
4889
0
11970
9054
8925
0
0
6896
24009
3432
0
17409
22129
12369
0
0
31877
13128
3272
4001
4736
0
11693
0
2513
8207
0
1371
0
0
0
0
9714
5205
5488
20812
2545
12088
4360
17793
7632
17721
0
1801
0
6193
12017
0
7048
5359
31635
10829
10443
2374
0
0
3094
4303
10
446
0
0
8556
18338
1046
15049
23478
7168
6135
5701
0
9224
0
17049
28208
12406
18294
6929
10073
8226
0
16867
0
0
8536
1582
30095
7857
2271
0
0
7734
8685
0
246
0
1404
12409
0
0
0
9478
3308
13327
0
0
0
20329
16627
13033
26588
11231
16271
1292
15297
0
0
0
20761
12323
15718
0
16240
11620
0
11302
17831
25592
7703
25102
14171
0
14305
640
5523
29210
4659
6260
5668
14789
19012
16446
0
11263
0
4780
14559
11516
0
18560
0
12913
18693
12893
7922
10104
0
16604
0
995
0
14799
259
9104
1322
6462
645
0
0
19450
0
2393
0
14859
304
0
33223
1462
9250
5603
5488
10064
1320
4586
498
14843
990
0
8918
0
29191
19396
24368
0
11716
16944
1775
6589
21673
0
0
2669
19869
0
14286
0
20632
0
0
8924
0
5012
28747
15939
10123
5331
0
0
15822
0
12391
0
26322
8304
17145
8883
14795
0
10505
4455
33166
9615
0
0
12762
0
1725
9278
7820
5479
17980
22134
16616
9970
12921
0
21311
29107
13323
0
0
9615
9810
0
21775
8550
13755
8210
456
0
19397
9508
8227
23747
17880
0
2852
18415
0
0
0
20981
9641
0
0
8167
30476
1916
24638
0
3433
864
0
11707
0
18576
6867
5361
20764
0
0
0
3518
22844
0
14984
7207
0
874
0
0
0
3411
0
0
13149
0
19695
0
13586
8968
17531
14609
0
20765
0
15699
7039
12558
0
0
20084
13295
10019
0
11746
0
7364
0
0
0
15611
7803
0
1903
0
14587
20826
0
6196
6136
9608
0
8705
10600
10264
0
0
0
3474
15659
15087
6575
0
1424
0
4337
18102
33082
21067
0
0
4100
11658
0
12680
5065
19186
20263
14491
0
1338
17265
9982
8378
0
0
0
0
0
5004
0
305
0
11211
0
4484
10956
24785
11536
14345
0
11512
18761
0
5304
15598
0
0
0
1428
8516
4361
371
0
0
0
14056
0
0
0
21544
19333
0
0
25476
8051
0
9007
0
3880
4995
15517
5922
15060
0
0
2517
0
30902
0
3233
0
0
5597
13565
0
0
14360
19952
0
22783
20442
17805
0
3628
4058
20674
0
8612
372
433
24729
0
0
0
1293
0
11956
0
7136
0
0
3175
888

=============================================================
