=============================================================
DECODER OUTPUT D5 - PER CHANNEL DUMP
Format: Channel -> 512 Posisi
=============================================================

=== CHANNEL 0 ===
9939
0
9741
0
6525
2960
24473
20961
10710
5438
14848
17103
4893
0
5395
0
5764
0
0
5065
9423
6307
0
12455
15296
0
4709
5989
2563
0
0
21378
3667
0
18755
9856
0
14486
2522
5518
0
6215
23453
0
26210
5420
27368
7259
0
5212
0
3212
8198
9692
0
6507
9634
16654
0
0
16713
5288
4647
12304
8587
0
0
0
5453
11182
0
20102
5389
6946
2596
8730
4928
0
17565
1567
6752
3193
21026
19129
43
12762
0
9582
3167
8108
0
10953
12122
8018
10645
7253
6037
644
3908
16927
13407
5317
25971
12567
0
10667
21139
30986
6177
13094
0
0
6684
14709
0
0
21464
0
22721
0
10443
0
27184
0
9240
0
14736
0
13443
7163
9646
8850
4817
0
9072
0
11785
5364
0
1271
18718
1893
2555
0
29137
0
2411
1346
9547
0
0
0
13780
0
0
7970
8677
9958
0
10354
2438
24854
12648
0
15008
0
3422
0
6666
17264
0
3776
11046
0
5515
8583
6416
0
19117
0
4653
2648
4668
4818
8188
9849
13050
2613
2835
0
0
11898
0
7207
4986
14132
178
4810
0
6400
3966
27277
0
22541
9201
0
0
4694
0
15973
0
0
0
0
1943
35203
23902
11760
17863
32379
26905
0
0
0
4061
2846
0
0
4992
13446
10688
0
25336
18943
686
9029
4983
0
0
8644
7498
26278
0
0
2472
2958
2898
8632
4617
21678
0
5797
4383
15221
22999
12008
0
0
0
6945
3898
0
13060
10222
0
30030
0
11595
11064
9199
27092
16334
5452
0
24749
0
808
8457
148
4926
9232
0
6411
9646
6472
0
19511
3828
0
0
0
14649
1154
13514
0
25828
0
5913
1405
445
8560
11739
1899
0
13003
6412
19309
13240
10914
0
12666
3787
5401
15984
11700
32835
0
31245
9353
0
8383
0
4076
0
4823
760
10148
0
0
0
0
15334
8872
5333
784
0
3090
0
10918
14257
0
10281
0
11693
2319
15179
2786
13356
0
0
16292
18537
1025
0
16348
3567
2502
0
2954
0
0
0
6466
10803
6515
13115
5680
8908
1480
6919
0
0
7902
0
9016
0
11083
2874
26578
0
4474
4995
0
6765
14282
14711
20011
10862
19737
0
21974
0
0
12131
35855
314
23966
13591
180
0
0
0
13941
30682
0
25724
3618
15113
0
0
0
14728
1796
0
18068
2225
3526
18256
0
8468
307
1016
0
0
0
14670
0
15721
11808
4210
6376
9805
19745
0
25823
5487
19393
5694
0
1597
9521
0
10126
23133
0
1306
0
0
8066
10136
7422
0
0
7205
9789
20314
0
16355
0
0
5415
0
22757
0
0
0
7909
6795
7423
0
30537
0
18820
0
1144
0
14155
11928
8034
9109
10467
0
14965
0
12780
36121
17870
11406
0
0
0
0
2461
27376
3397
2130
0
110
25232
9309
3702
2357
16349
8221
7514
0
29543
12734
9593
0
37418
0

=== CHANNEL 1 ===
953
16328
0
14148
1544
7807
3840
0
10676
14474
0
10307
0
17611
13233
10753
20058
0
0
1422
0
16303
13398
0
1405
8476
8831
10416
0
11770
18310
9763
11905
16432
5380
0
0
11946
15240
0
9958
12269
5312
18820
2391
5273
0
17742
4889
14012
5038
4543
0
0
0
8279
0
4817
4594
0
12643
34914
0
13432
0
12612
6376
4099
0
0
0
0
0
18001
5366
9468
16213
19250
11795
16658
20900
4444
5328
0
0
18972
4623
5046
0
8460
0
0
0
10996
16757
2764
7257
18521
21294
6003
24729
1919
0
12169
521
0
1826
19425
18834
0
4527
1531
0
0
25013
0
0
0
2768
6775
3032
3505
0
13878
4717
0
5246
7241
3299
12099
10216
0
3319
3808
2487
17183
0
13266
15011
5715
3109
11554
0
0
0
19436
5220
5315
5838
0
29947
18852
17621
7583
12149
0
3538
1997
8231
15262
16203
19997
11657
0
2110
17215
12145
11844
3049
16168
6759
4524
0
10562
0
2722
0
10198
15238
1150
6510
6006
20533
0
0
2260
11594
9452
15998
12418
14403
12724
0
19142
1941
5869
11217
0
16308
0
18054
0
15390
0
0
24729
13948
8591
11011
0
3643
0
2371
15559
17684
9985
12579
16149
0
17070
0
0
10358
0
10827
8471
11642
0
6804
0
2809
5421
29874
0
15222
0
3557
2543
3336
6384
2424
0
1072
10770
10598
3226
0
13930
6379
4890
0
5742
8304
31178
10383
8370
14188
10977
9519
25001
675
9247
0
4658
14928
11347
17694
0
1016
0
11740
7951
3659
0
0
12564
1616
0
14108
8251
0
8967
2045
15388
0
0
5016
10744
14264
0
0
12129
6809
8930
25064
0
16422
4182
0
11701
17294
3406
0
0
0
0
0
705
27741
0
0
4674
18537
5203
0
3296
0
0
0
23175
4782
15816
10513
1780
14143
11606
0
10295
0
5371
0
6890
10435
10664
0
2379
0
6325
9413
0
9584
4868
0
0
18318
1245
15037
3019
0
131
2821
10122
25626
8586
18878
21010
6420
2846
0
17908
15232
16239
10922
21486
4268
6247
3103
9498
15775
12800
5477
7734
223
15368
4171
0
23844
21390
13831
10036
0
6791
0
4927
3296
0
0
0
0
0
10881
2006
9677
0
0
1445
4342
0
0
16465
11649
16012
1255
0
0
11575
2881
19465
6921
0
0
13792
0
22051
0
0
0
11818
0
4631
0
14032
2551
0
17520
5959
15552
7700
0
6222
17101
0
18147
21135
15249
25309
371
1741
0
1224
0
12157
1044
17088
32846
3682
4703
0
8614
6103
3727
17407
0
15068
11462
0
3990
11266
5589
0
10768
0
0
2196
0
2354
0
12377
0
2342
8287
19659
1506
0
0
0
10657
0
0
11617
8858
4295
0
3193
941
2860
23000
0
16987
0
11901
0
4263
19585
0
18895
0
6878
1446
0
0
3295
8373
0
20775
367
122
4462
0
0
12569
13949

=== CHANNEL 2 ===
4564
11464
3840
11945
9941
1049
0
0
20333
27332
15261
0
0
5756
0
0
0
17784
3587
13863
0
15762
7272
0
0
11872
0
15128
0
451
7733
1735
8940
9764
12254
0
1180
18984
1115
0
2453
0
0
9951
0
23492
0
15092
8233
14924
15191
13773
0
5448
0
6113
0
0
22522
0
0
15275
5581
0
0
4942
5349
9951
4065
0
0
0
0
18028
6452
0
0
0
0
0
1106
937
0
0
0
0
4524
0
13454
1653
0
0
0
0
5608
380
0
0
5366
1782
15489
9250
5013
4026
0
6973
14727
0
16793
0
2986
3744
11277
0
0
15361
0
0
238
21585
0
4134
336
4539
0
6161
0
0
0
5263
5476
0
8705
0
2077
28558
9674
0
3455
8101
0
0
0
4377
9921
0
3399
799
3205
12621
0
1280
0
0
10879
5785
15287
0
0
3352
7844
0
4490
0
1721
0
0
5963
0
16520
8893
661
12715
0
0
13157
5612
0
11402
0
0
0
0
7583
901
0
0
11355
0
0
1056
0
943
20116
0
7504
0
0
0
0
0
0
3282
0
0
5158
0
0
0
0
0
982
9107
1728
12978
869
26104
17280
16119
8374
19551
0
0
0
3081
1864
0
0
9416
0
0
0
0
0
0
0
0
11882
10611
2913
7847
8001
18225
7370
3642
14795
0
0
0
12156
0
16942
0
19117
23933
0
12967
0
0
21632
26677
11256
0
0
0
5806
5881
2231
9904
0
0
0
3590
0
0
10046
11822
0
5288
6458
0
7682
0
22489
15102
0
0
0
14274
11104
602
0
6515
6989
18434
0
8337
0
5868
0
3089
0
10053
9988
0
6763
0
0
1182
0
3053
0
735
26401
5186
0
0
1216
12114
42
6649
0
0
0
15700
13209
19871
2440
0
0
0
21276
13335
11468
0
1715
17057
11036
16092
6120
10161
0
4374
0
0
0
0
8103
0
0
0
0
0
898
0
0
11995
2368
0
5677
9387
0
0
0
0
1815
0
13940
3091
0
0
5161
93
5741
1124
0
0
15763
16004
14135
0
1019
0
2106
0
0
12860
17337
1451
648
0
0
0
0
0
0
1798
0
0
10366
0
8685
22413
21110
3226
0
10473
15912
0
4531
0
8858
0
0
0
0
5785
0
436
0
4828
11668
0
0
0
9684
7862
0
0
5721
0
0
4987
0
0
0
0
801
0
13633
0
0
0
0
15412
0
728
8921
0
15264
3505
0
127
0
2109
0
116
0
645
9107
0
9200
0
2306
0
0
0
12376
0
341
0
3765
0
3204
14704
2336
1611
0
9702
0
2949
10379
0
6018
0
0
14301
0
397
0
0
12329
12641
26409
8593
13395
5744
13357
0
5897
4927
0
0
0
0
6579
1972
12946
20944
0
0
0

=== CHANNEL 3 ===
0
0
13287
0
0
12108
0
0
24431
6213
0
7725
20960
0
0
0
0
0
0
7109
8004
0
4664
0
0
0
5325
2953
0
2323
0
0
263
0
0
4843
0
21041
0
15650
0
0
0
0
0
3274
25091
8865
0
21006
0
14076
19868
2106
10425
0
6448
0
0
0
0
0
0
0
0
0
0
0
0
0
0
0
0
0
0
0
0
0
0
4504
0
14532
0
0
14936
0
0
0
8537
0
0
9838
0
0
10615
0
11337
9075
0
0
0
0
9100
7112
0
25145
17901
9902
26157
0
0
0
0
0
0
33530
0
0
0
0
0
0
0
0
2660
14599
4126
844
1154
0
0
0
0
0
0
10881
0
0
0
6701
0
0
0
0
0
0
0
0
0
15086
678
13248
0
4745
8805
0
23690
0
1409
8153
0
20104
0
0
0
0
0
10116
8557
0
0
0
18683
4829
0
0
0
731
0
7161
0
0
2378
0
2177
3328
0
14642
3483
9535
0
0
0
0
0
12233
3958
0
0
0
0
14447
0
0
0
2920
7268
0
8878
0
0
0
0
0
0
0
1113
0
15118
6808
24374
0
3744
0
5643
0
0
0
0
13801
0
0
0
0
0
26083
5769
5241
22317
1884
28609
0
6025
0
0
5082
0
0
0
11431
0
5633
0
0
0
20101
20588
0
0
0
0
19316
1119
0
8205
0
0
19013
2324
351
0
0
0
0
0
6731
0
43195
0
0
4538
0
0
0
0
0
114
0
2252
0
0
0
0
10359
0
0
11309
0
6496
0
0
0
0
0
12916
0
15340
20443
0
0
0
0
0
14150
8398
8555
0
0
19049
0
0
0
0
4350
0
0
0
0
0
0
0
0
0
18778
0
1708
7949
0
10388
5513
3572
0
0
12358
0
0
0
12469
0
1608
0
0
0
0
0
0
6532
0
0
0
0
0
0
0
0
0
0
9268
0
6645
5003
0
0
3588
0
13157
0
1426
0
0
15103
0
0
10387
0
0
0
4511
4677
19618
0
0
15703
0
0
4680
0
0
0
0
0
0
0
13533
4871
0
10016
0
16618
0
13932
0
0
0
0
0
14693
0
14246
0
0
0
0
0
0
7380
0
0
0
14304
0
20144
0
0
0
0
0
0
0
18016
0
0
0
0
29104
0
0
0
0
5940
12032
3598
1124
0
0
27276
0
0
0
0
0
20056
0
1341
6247
0
0
0
0
8669
0
6408
0
0
0
7888
0
0
0
0
19412
0
0
9398
0
0
14392
0
0
0
0
0
0
0
14861
8469
0
2800
0
9998
16192
0
0
0
0
0
0
2705
0
0
443
3292

=== CHANNEL 4 ===
4497
3287
4288
3033
0
7393
3307
0
0
21756
18206
7317
0
15995
2130
0
0
27
0
0
5232
5196
6222
13432
4618
3404
0
19075
907
27652
0
0
13611
4385
17693
2461
5755
0
1465
20568
0
653
0
0
4541
0
20003
0
1895
4006
5796
2550
7525
0
3398
11134
17851
18592
5740
9919
3070
0
0
3006
1451
4371
20151
0
2343
11676
3547
7049
4479
288
0
0
0
10030
0
0
0
5306
7494
0
1567
10122
1502
0
0
0
12802
0
20897
0
2228
17681
0
996
0
12539
0
13599
0
1584
5403
12010
18337
0
10360
518
0
18130
16543
26332
0
5551
0
0
7918
8378
16561
11056
15373
0
6383
0
12888
0
0
2707
3703
16295
0
17585
4360
0
5992
0
101
9958
2927
0
0
21373
22788
0
6838
13385
13754
14999
4337
4754
10810
0
15661
0
2857
1440
5459
0
3247
0
5822
9388
8727
0
1934
32184
10132
0
0
15563
4677
10947
18683
0
9967
5170
20095
5067
0
599
3193
0
0
0
12109
0
6664
0
14425
0
0
1832
6913
4761
17892
16907
0
3863
0
35817
0
13520
0
13172
0
0
184
0
4457
0
12234
0
2609
722
7931
12475
185
0
10713
7818
0
16983
1884
0
0
0
19762
19885
11223
19839
0
0
0
0
10382
3168
17865
25396
11125
11706
0
0
0
0
9204
0
0
26217
20315
15455
13626
0
10361
0
15366
1394
5767
0
9986
8107
0
0
14831
2144
487
13183
0
13435
0
12305
14735
0
912
6553
9665
7469
9708
11684
0
17
14773
6510
6237
9986
0
4115
4000
5850
11502
6380
7304
13372
7893
13647
96
0
0
2165
0
2327
0
3756
0
14118
0
6960
4412
6005
10533
3186
0
19190
5381
16892
9479
16700
13383
15540
0
0
0
5018
0
291
0
17994
10984
0
6119
8316
11016
2650
0
0
8456
11940
14089
5050
0
0
6408
4764
4679
0
7003
0
2674
15696
3002
17646
0
26023
3285
0
5687
0
8947
7333
2003
1670
345
0
1442
26202
0
0
2825
5656
731
0
3072
0
9693
0
0
11676
13798
0
0
6762
22033
23083
1970
14465
2960
29198
26240
0
0
0
8476
12911
0
0
0
647
0
0
0
12767
5027
0
10180
16886
1626
0
0
0
0
17685
1773
0
0
23872
20588
1001
0
6071
0
11211
4783
4076
0
10165
0
1915
0
30980
4822
6730
8495
4618
0
6370
5512
1071
9397
0
0
12852
13758
0
6361
1858
0
0
774
16884
25193
0
9078
0
0
29098
0
0
1987
14203
7732
8287
16311
11635
0
0
0
17024
1271
0
554
0
3614
0
7795
1679
0
11682
766
0
4402
5232
1699
0
162
2027
706
0
0
9712
5538
3335
5986
238
7181
30360
14422
14621
4448
8462
2715
15590
6396
0
5612
9431
5532
11793
15861
0
3678
0

=== CHANNEL 5 ===
70
0
0
196
6430
18796
0
6410
0
1122
0
27278
8995
18515
21670
7997
0
15626
6444
0
18048
7897
26676
5845
17320
0
15835
18832
0
9095
14215
28106
2934
26004
1216
4372
0
0
12916
0
12914
6010
27090
8420
17620
3867
10453
0
2678
10068
2904
0
14464
0
21023
0
8772
4462
15107
5631
0
4078
15302
7527
4504
16726
10638
7369
0
0
1998
0
9123
0
11482
8208
2818
15983
2355
1530
7676
1547
13214
0
2082
0
0
0
7475
0
7855
0
0
9873
0
14991
13162
37692
11111
7386
0
0
11209
3957
41337
995
369
0
15697
0
0
10852
0
3705
0
0
3174
35254
0
4733
2231
20279
0
7168
16094
18843
36466
2955
1629
15016
13731
8102
4351
0
9684
20343
16352
0
9729
18378
4111
5318
17249
17384
0
10539
0
22154
0
29673
21477
20009
13683
19605
0
30
0
0
362
0
4768
0
5852
16966
0
9388
0
0
6873
17804
29794
12525
8014
7535
0
0
9507
19834
11310
16006
6739
6304
3602
0
6578
10709
0
14142
9675
19795
1048
3013
6440
8570
20689
30371
31088
26337
0
11427
535
29569
0
12795
0
15593
5326
28430
25140
14509
6808
9455
15069
19919
9444
11847
0
0
15295
0
20629
0
5716
8827
0
20479
17698
16889
0
2212
11126
7911
0
1271
4270
13567
0
15228
0
7522
21947
0
20120
8933
4870
10627
27332
900
135
0
19872
2589
32692
19218
0
0
0
2660
0
0
5890
21834
14476
24773
41549
0
18059
0
10203
11728
7149
9316
0
0
0
0
0
3828
9544
6463
0
261
11480
13819
0
23519
3369
762
10207
7250
4465
26188
0
15968
0
0
0
0
0
8471
0
6352
0
0
34
0
11474
17603
12061
199
12999
10802
8567
0
0
0
19166
0
8815
0
12173
9607
0
42475
0
0
0
220
12912
20804
19086
7591
0
6255
0
0
9783
24080
0
18576
13533
0
2293
7217
0
9538
0
0
0
3124
1283
25929
2835
16078
2179
0
1116
18595
7182
18267
25378
31156
11383
18293
0
6474
3007
0
10828
0
0
9645
0
14181
0
11249
0
8480
0
5565
20360
0
15491
17843
0
2148
1181
0
26746
4453
114
10960
20559
25285
0
11215
0
0
0
6771
12182
0
7146
0
21703
0
953
0
19683
2287
10369
3890
20103
57
12840
19279
0
0
11145
3485
0
0
6251
0
7715
12241
3769
0
14788
9465
19518
17463
21650
4249
14244
9148
12815
0
0
3935
11395
5272
12862
10346
19806
14328
0
19608
12084
0
26706
0
12487
13551
9972
13917
0
0
10143
12665
0
772
1377
3521
1222
1739
7966
2909
5291
12273
13128
7003
0
15773
0
16253
7361
0
0
0
0
3975
0
20603
9125
4946
8601
0
0
16164
21629
7325
0
0
0
3088
33852
11123
206
22438
17232
11061
15619
0
0
4256
0
0
18221
1608
4530
14135

=== CHANNEL 6 ===
1502
0
18974
0
0
11465
0
0
0
25697
2536
0
681
0
0
9463
0
4853
0
18921
5128
6230
307
11464
6297
20874
0
12961
9845
0
0
0
0
0
0
0
1821
0
0
11995
0
10612
0
0
18579
7812
16857
0
0
4602
0
0
0
0
0
6440
318
7613
0
0
6614
0
0
0
0
2386
0
0
0
346
7070
0
9205
0
0
0
0
0
0
0
0
0
0
0
9681
0
11636
190
0
2130
17025
0
8776
0
10165
883
0
0
0
0
0
19930
0
0
0
0
14188
822
0
0
0
9990
0
5267
1267
0
0
7775
0
0
0
2471
0
0
0
4940
8691
0
6268
0
0
1720
0
0
0
5661
0
0
0
0
0
0
0
0
4508
1201
0
0
7205
18487
522
0
0
0
13770
0
0
1258
18931
0
4951
3116
4149
13909
0
0
5067
0
0
0
14043
1576
0
0
12055
5546
0
0
0
7536
0
0
8419
0
0
4462
3957
0
2640
0
0
0
0
11473
7679
1040
0
0
0
0
0
0
0
0
0
485
700
0
0
6617
0
366
15415
9708
0
0
0
0
8425
9387
3527
0
5090
4879
0
1152
0
0
0
854
0
0
0
0
0
0
6912
370
8937
8981
19743
5664
5775
0
11565
2917
0
0
0
5813
0
7371
0
0
11596
0
0
0
5519
0
19565
14116
0
0
0
11090
0
10725
4129
0
0
0
1636
0
1761
0
0
15364
695
3196
14664
0
0
4203
0
438
0
3829
0
0
5110
0
0
0
0
8455
0
4756
13585
0
0
5234
9178
13186
0
12985
0
0
0
2795
0
0
0
0
0
16808
26292
5743
9381
0
0
7375
0
0
0
0
0
14984
0
0
0
0
467
0
0
0
0
0
0
0
0
15040
1679
4324
0
0
3595
0
485
6382
0
0
0
10282
0
0
0
0
5758
1352
0
0
0
0
0
0
335
15635
5144
0
0
0
8347
0
0
0
0
0
10676
5641
8894
0
7714
24663
8364
5638
0
7491
11950
0
11380
0
0
0
2539
0
0
3433
8899
0
0
0
0
1783
7423
17905
0
10762
11103
0
2234
2962
13768
0
0
4549
8181
3830
16464
9846
0
13513
0
0
0
10084
1226
0
0
2119
0
0
2113
0
0
336
0
2329
4555
5526
0
0
2834
0
0
7928
0
15552
4191
0
6996
735
0
0
0
18838
2749
10837
0
0
0
0
0
0
0
0
0
0
6734
0
0
0
0
0
0
7153
0
0
0
0
0
0
1899
6986
6144
0
0
2742
0
4438
9859
0
0
7711
7165
1020
0
1477
4519
6713
5833
5577
0
0
0
6357
1213
20617
5567
0
0
0

=== CHANNEL 7 ===
0
3343
7956
11305
16482
0
10613
0
0
0
17819
0
270
10217
19968
388
0
17543
0
7680
1216
5371
0
0
800
0
8572
0
0
1880
15057
0
0
4639
9171
76
3184
4345
13723
0
0
3865
10730
0
0
0
2593
1725
0
0
0
9074
5705
1401
0
0
0
1121
8624
11367
5318
4662
9289
0
0
6359
13726
9091
11191
0
13174
0
5626
2239
1859
0
0
9887
8341
0
0
7460
0
12863
0
11246
0
8468
0
2310
0
3688
0
7334
0
0
0
0
2552
7351
911
0
3850
9876
200
1750
0
12162
13132
7063
0
0
18093
0
1081
3486
6903
0
0
14283
0
0
7860
3857
15642
12309
0
3043
0
9749
18039
0
9012
0
3644
5549
0
6540
0
0
0
8726
3733
0
0
0
2994
7581
10165
0
0
1847
9215
0
0
7330
2334
2130
8467
0
2094
0
0
0
301
2344
0
18090
6746
15868
0
0
2309
208
0
0
0
0
3376
2891
1097
4017
0
0
13969
1540
3412
3773
0
0
0
11326
0
10014
0
2455
10570
10499
0
0
16708
0
10075
0
844
10530
818
7679
0
15253
12836
0
8419
12731
7162
0
0
0
0
0
0
472
0
2264
21434
16921
0
4833
8744
0
5760
8924
23230
0
6688
0
0
15170
5535
0
0
0
0
1113
0
13195
3629
4261
0
0
410
38
3305
4464
0
0
0
0
3678
18412
0
1668
0
12662
0
0
0
0
0
6422
4380
5975
9763
4431
0
8900
9298
0
0
655
2952
0
3873
0
0
2044
0
0
1905
5865
2188
7150
18022
3755
0
1285
0
0
3543
0
11642
0
0
0
0
0
22870
1983
0
0
15623
915
3693
0
0
0
11576
0
10064
0
0
11325
0
0
0
0
0
0
3973
4726
0
0
4265
0
0
0
4342
591
3765
2273
0
0
12312
4217
6272
8650
5979
0
6376
1601
0
0
381
17295
0
0
0
11075
0
1618
14913
1781
0
2257
0
0
2840
0
0
0
7698
381
0
12882
0
9842
0
0
1057
14145
0
2186
7141
0
1394
0
0
0
13016
10890
0
16439
18668
0
18422
0
2764
0
21547
6447
0
0
0
0
0
0
16156
0
0
0
0
0
0
0
0
0
0
2829
0
0
0
0
0
4257
6396
0
15690
0
0
16561
3153
0
0
0
0
1116
607
0
10790
5431
0
1357
22764
4049
0
0
4748
7144
5604
0
0
1171
0
10832
11487
8703
2137
0
0
0
11312
0
0
235
11
0
296
8841
14580
0
0
30669
5018
0
7635
1312
0
0
2722
0
0
0
325
9002
11077
1568
715
0
0
9850
2994
913
0
0
0
622
3776
0
10962
1553
3544
0
13798
20150
1065
0
0
0
0
4528
8598
0

=== CHANNEL 8 ===
8503
12720
8975
13202
0
1889
14434
1239
15931
0
10079
8145
7895
412
0
6747
6904
0
0
0
6486
0
0
0
14414
0
2227
8042
0
42
13790
9637
0
0
0
0
0
0
12915
0
12149
5132
6904
0
0
0
5066
11639
2410
0
1793
9244
7085
0
17516
4652
15960
2781
8828
20289
0
0
0
13136
19375
0
0
10850
17120
1213
7356
18847
19421
0
0
0
0
0
0
633
817
0
2403
12559
7585
0
3616
3740
17758
14037
11552
8270
7162
0
0
5786
2703
6166
0
5986
0
9128
13062
0
8413
13035
0
12967
0
0
0
5929
0
0
0
16393
9573
0
2414
0
14575
9088
0
0
0
0
5417
0
20775
10815
0
7482
0
2157
8534
0
0
10972
648
0
0
6027
22208
9153
0
658
11700
7753
0
6799
0
4816
0
12237
0
6180
16861
2424
0
0
0
4357
6641
0
0
0
0
3849
4753
0
2198
0
8228
1630
21714
0
2938
4491
0
6217
5660
0
0
13301
2067
2699
1243
0
0
0
0
0
19197
6302
0
2446
4636
0
0
6791
0
12076
0
0
0
0
0
0
860
9332
0
0
0
10229
21614
0
0
3120
0
13231
6539
0
21198
7215
0
8595
8162
6566
6790
12948
0
0
5230
0
0
0
0
6487
4015
12139
0
23033
5986
0
8171
2612
0
0
4116
0
0
0
11081
0
0
7267
0
0
0
0
0
6608
12822
0
0
0
8725
11527
1702
16703
5159
0
859
0
10399
0
1268
18486
0
0
4551
0
18387
1129
8316
3999
8272
14822
7223
4355
0
5746
0
0
0
21261
0
3425
0
0
0
589
0
0
798
7244
9173
0
0
0
0
0
0
7652
11290
0
25151
31217
0
0
13171
0
0
0
0
2803
5276
0
0
9217
10700
0
0
0
163
0
0
7881
0
2084
0
0
419
19334
0
3751
0
12240
960
14037
26841
2909
0
0
0
0
0
0
12178
0
0
0
0
0
0
0
0
0
0
0
12653
0
0
0
0
0
1323
0
0
0
30151
0
17957
2255
4265
10740
4344
7493
0
0
6547
15054
0
9290
4467
5589
11250
0
20183
0
0
16497
0
894
14599
0
2318
0
0
2457
12694
14708
0
0
19764
5266
0
3331
25761
10016
18730
0
0
12223
0
0
0
0
8322
8366
4331
0
0
414
10113
14646
6611
0
0
7267
20997
1908
0
5937
0
2710
0
1608
0
0
3061
1016
1451
0
1598
30104
2301
3902
0
0
0
0
0
0
16407
5515
10164
7823
0
0
13535
0
9181
0
0
0
10445
1737
529
0
5418
0
0
0
7995
0
0
14223
0
0
7375
0
0
7039
4830
0
12463
10628
14262
13941
8546
0
9585
0
0
0
0
0
8083
12526
0
0

=== CHANNEL 9 ===
0
0
4316
0
0
9439
0
11852
0
0
0
2827
511
11793
15470
7884
10044
0
12293
0
0
0
0
0
0
6004
10920
0
0
1230
701
5076
0
0
2818
0
28979
16840
6491
11920
0
15264
0
0
0
0
14478
0
7950
0
6526
1673
13120
0
0
0
0
0
0
16234
18786
0
5113
1668
0
15886
24622
0
0
0
0
0
5172
3098
0
0
0
14326
5140
2946
1119
0
9113
10702
0
0
0
24471
4255
0
0
11446
0
2799
6803
0
0
17861
20015
19845
0
0
0
0
0
0
0
0
20521
0
4650
575
21426
2897
11550
0
8419
0
826
1810
17128
0
0
13946
28091
0
8158
6459
5427
7650
0
9661
0
0
0
1263
0
1660
0
1574
0
13358
2389
1205
9417
30805
0
1638
3248
0
13557
23500
20695
8274
21465
16179
6366
0
969
10314
11252
7625
13907
21560
18045
14186
22501
0
5933
0
0
0
0
0
0
14815
0
0
0
26283
9087
0
448
3936
4851
0
0
0
0
0
3412
31777
17763
6603
16530
5465
4438
9453
6993
3412
15510
16714
15652
21922
9976
0
13059
7548
6124
0
152
0
6233
20742
13942
9620
3306
0
16651
0
0
0
7598
1872
7100
13151
4196
18513
12133
9747
0
135
0
6799
3877
16075
22212
0
0
0
490
12713
11640
0
7554
2592
13576
0
1850
0
11330
0
443
5015
8496
14875
3121
3277
0
0
0
26
0
0
18698
10220
0
0
0
0
9522
0
0
0
8372
0
13525
0
6156
3889
19461
0
14892
2859
11180
0
16990
0
0
1421
11448
21575
16165
35522
17517
15393
0
14336
0
2503
0
0
0
8419
14509
0
8067
7274
3598
0
28172
0
0
0
1702
0
0
0
0
0
0
21137
22773
23256
22657
3555
0
0
4863
4403
0
0
2000
0
22948
16194
31045
0
2526
3272
0
16970
9460
4721
0
19286
10384
18157
8291
0
0
9515
4990
15387
8286
0
0
3705
8250
23339
0
0
0
13921
0
0
0
0
0
28539
17223
952
0
14695
28978
43366
24630
0
0
0
0
0
0
18669
14336
8206
0
0
8509
0
7009
0
8925
5541
13140
33681
29276
11869
9442
29178
21543
0
11032
0
0
13745
914
0
0
0
0
0
0
8776
12575
0
7516
0
0
33969
6660
18314
4484
18911
26365
17730
0
0
8495
0
0
15935
0
28627
10184
13798
5830
0
0
0
12722
17817
13625
18322
4467
37435
0
6035
0
0
0
4880
19593
4431
16347
50764
0
40302
0
0
0
0
19490
0
16963
25143
0
0
0
2038
956
14580
12003
21378
1481
0
0
6628
2932
0
0
1832
2031
1979
17410
0
14417
24373
13190
2050
0
21106
2365
0
0
0
0
0
0
10244
5445
14310
0
28144
2265
0
0
12322
0
0
11129
2829

=== CHANNEL 10 ===
4998
7099
0
18658
8391
262
22292
3896
0
8011
14088
17388
0
0
0
0
0
0
7080
0
0
0
3835
591
0
9849
13316
7449
9174
9317
17758
0
22568
13105
7929
0
0
0
426
7349
0
6745
28360
11590
0
1351
5591
0
0
0
0
0
0
6892
3545
0
12737
13416
0
0
0
0
1325
2485
0
3393
12329
16374
0
9101
0
7957
0
0
3815
0
0
0
8440
828
0
14427
8256
0
0
0
769
3799
0
0
0
0
0
4009
0
0
15483
13256
6055
0
0
2539
5780
13902
3497
0
3361
3451
0
0
4502
8054
24602
0
0
0
0
2145
724
793
11630
13623
768
2510
0
3211
0
4311
0
2359
5051
8444
17425
0
1496
0
5340
8290
0
2696
3058
6419
6985
9205
0
11100
1063
1277
13306
0
15763
5994
4539
4773
2340
0
0
66
0
0
0
0
6542
16354
7487
0
0
0
0
13168
11691
0
0
0
0
0
0
4255
7132
3922
6127
1952
1811
2082
7912
3048
2572
0
10108
0
0
0
0
6753
3222
9152
9419
0
2221
4590
13279
10069
19232
0
0
22085
4632
0
8976
5220
15657
0
4906
17609
0
0
5885
15368
1172
0
0
10384
11717
0
3466
0
0
0
0
0
5822
10853
3364
0
10715
1263
6635
0
17077
4755
0
0
0
6198
0
7299
7866
39
0
9025
0
0
18919
19779
3221
0
0
0
0
0
0
0
0
5844
2727
0
0
0
0
15675
6803
761
11746
5567
1458
0
0
0
9521
8805
652
2691
0
0
0
8396
14446
0
0
0
8031
0
9607
2596
6165
2345
9080
14093
13341
0
0
4142
14345
10468
8944
10900
95
5591
0
0
6585
0
0
6228
0
12407
14931
0
0
15373
0
4233
6095
3295
0
14103
0
3385
8270
8820
2621
5272
8211
2027
0
1673
4476
0
0
0
0
0
3054
0
7461
0
0
5535
0
0
129
8348
8467
2027
15698
0
0
5945
0
0
0
4041
10271
0
14509
0
0
0
17667
4797
6876
999
8305
0
1414
6805
0
9759
4570
9374
0
7894
0
12000
16791
0
0
13561
5719
0
0
0
4384
9570
3947
5388
17997
14724
0
0
0
0
0
6795
27950
8027
9410
4332
8618
6767
0
5190
0
20873
2432
0
6706
13487
3717
11877
4753
7157
148
0
449
0
15669
0
0
0
5689
0
0
0
20066
17843
0
4609
7955
14331
556
7854
13939
0
0
0
2718
0
120
0
2406
2365
0
11944
0
0
12273
3424
2593
3118
0
0
0
7774
0
0
0
1782
11284
3743
0
0
6207
2094
0
489
9293
10789
14918
0
0
0
0
525
11335
12142
1330
923
971
0
9058
0
12104
3461
0
0
6675
2160
17884
8272
12650
3882
0
3855
0
0
5923
19905
24776
779
835
0

=== CHANNEL 11 ===
0
22689
8984
12563
9228
16125
2549
0
7487
16578
4030
17372
9421
0
4168
4810
2683
0
0
8489
10570
4368
0
13286
5973
17828
0
0
0
0
19682
0
6425
9720
17854
3687
7204
0
9325
631
9896
12798
4871
7033
0
22373
5210
0
16142
1528
22420
11830
0
80
0
626
716
0
0
9685
10091
12767
21558
5317
18336
6470
7775
15212
7279
0
0
5246
15379
0
0
0
2210
0
0
2025
33
4605
0
1401
904
0
7286
359
14030
8150
0
0
0
3656
18463
0
0
0
2948
4177
7726
17560
12724
992
0
4897
0
7557
29204
0
0
0
9862
6617
11079
15266
12161
0
20354
370
0
7609
0
19490
0
3488
4098
14418
5160
0
6396
0
0
11659
5800
0
10933
0
13751
914
842
0
0
2367
0
3459
0
5414
634
0
0
6815
13146
2587
0
0
14894
16231
0
6158
10990
841
12499
0
6260
9385
5878
0
2626
16546
0
2472
3669
8285
3324
3019
6099
12223
20237
0
4190
5081
0
13610
3510
1015
0
9784
0
2002
0
11415
8259
12475
0
7131
284
0
0
0
0
0
0
9185
2965
9044
0
0
0
0
0
5858
6144
6700
20208
9729
4494
22608
9813
1281
20089
0
0
2903
0
0
0
0
5076
4341
0
2979
0
0
0
4143
5130
0
6395
17629
0
0
367
12049
13183
0
2353
1928
10447
10748
0
2452
0
10670
6045
0
0
9862
1682
6331
3829
0
8697
0
0
2723
2690
11852
4447
0
5325
4319
0
8019
0
4060
9659
1922
11264
0
0
0
0
5815
8550
17373
10648
3957
6281
0
0
0
7304
0
0
3578
3186
0
0
3278
14834
10430
0
6870
0
17349
0
0
2416
14739
15058
2383
15735
1424
0
18287
0
521
4409
1990
9382
692
5395
0
23809
3260
11293
0
0
1083
7677
8496
2543
0
14970
9443
8281
8187
21241
0
5375
1217
0
0
11796
0
557
14098
2012
5075
14542
7826
1228
0
3091
0
0
691
4476
3986
0
1564
0
0
0
10001
8285
0
2388
0
8416
0
0
0
0
0
21091
27902
0
13818
0
5610
0
21508
0
3537
1526
25462
4334
9980
935
0
1506
16865
0
0
0
18069
0
0
5417
0
11064
3157
866
13443
1275
4376
486
0
0
0
0
0
0
0
0
4731
5817
0
527
0
0
202
15925
0
12387
16036
17991
0
0
1495
3023
0
0
0
3769
567
0
633
91
1992
1063
0
15033
0
0
0
3693
2946
5086
4616
24501
16849
29338
0
2541
0
867
1971
0
15384
11531
18934
0
3686
20038
0
0
12418
23430
0
0
0
7911
4784
10252
7022
6876
1283
3764
5347
0
0
14923
6533
9216
0
15376
8196
7588
0
0
4884
0
7212
0
11552
0
0
15634
50
0
0
0
3803
8462
0
0
19831
19164
0

=== CHANNEL 12 ===
2172
10503
0
18259
0
0
11767
0
3715
0
4052
8147
8213
0
2743
0
0
393
2721
17269
0
5737
0
27
7813
9629
0
6544
19630
11732
4022
17050
3175
0
612
0
0
609
11987
19703
0
18480
0
13906
22602
0
0
0
0
0
0
0
1202
0
0
0
2210
41
7036
14314
0
4322
0
15219
0
7346
0
6844
13141
10002
11213
0
8834
0
0
0
18658
5649
0
0
2796
18675
0
636
0
0
6192
0
0
6517
0
0
7043
0
4727
0
7631
19728
0
3990
17584
0
0
4326
23068
0
4633
11784
6445
10953
0
23049
0
0
0
0
0
0
3875
0
18218
7975
14367
3117
0
7711
391
0
0
18106
25543
22779
0
0
0
0
0
0
3937
5049
1502
0
4773
0
792
0
0
0
1227
12807
0
9605
9976
0
8867
0
9054
0
0
0
14002
847
8840
6694
14995
9105
0
0
0
0
11407
0
3074
0
14256
17512
0
0
0
6396
4123
12214
20374
3796
0
10902
0
0
0
5967
2405
0
0
14973
7253
0
11481
848
2935
35472
6824
24229
0
0
0
10659
245
11792
1699
9511
7124
9930
20562
0
23171
0
16161
0
0
0
0
0
11032
3793
0
14656
18864
3156
0
12777
13860
907
19298
7058
547
1548
0
0
0
0
16617
0
15624
0
0
2611
12863
0
18369
0
10004
6273
15654
0
10535
9281
8597
15957
7709
0
0
0
0
20161
6648
6677
4219
0
0
25563
18782
0
1996
3703
27431
8419
0
0
0
0
14010
8534
32836
0
12254
0
9828
0
6156
2565
10421
15955
9362
18159
3017
22776
0
17294
5755
5482
7757
2736
0
23697
4309
0
0
0
29085
0
145
0
12156
45
6406
6421
2604
4754
28043
210
24733
12884
0
6289
12275
258
14362
9649
0
3830
0
0
0
0
0
0
0
0
0
7240
4497
15271
0
26925
5923
4886
10359
3340
644
0
3703
21534
0
10100
0
0
0
0
3414
0
7604
0
9979
5917
7921
2872
0
0
6264
1864
0
0
0
0
0
20285
14134
0
0
0
15752
0
25716
6461
6396
0
961
10615
0
0
0
11670
0
0
21138
5053
16374
22047
16453
9439
854
0
13876
4048
11132
24207
0
6033
4781
0
500
0
2555
0
17082
0
0
0
0
0
0
5591
0
7950
0
15209
17343
0
0
5499
0
14221
0
12124
7372
13139
3128
0
206
8025
17262
0
25608
15367
0
0
0
14817
10203
0
18281
0
9865
0
2036
5907
0
23323
0
0
7675
0
11307
0
0
0
0
0
17051
0
12658
0
0
6660
0
3978
0
0
0
1740
0
10858
7774
3326
0
9196
13162
14419
29
0
0
0
4241
0
890
1176
0
13018
23134
18924
16829
22074
2501
19633
13431
0
0
5538
7461
0
3997
0

=== CHANNEL 13 ===
15486
0
15068
2834
16118
1010
9831
921
0
3034
35542
0
14150
3158
0
17818
16535
33130
10457
15020
0
0
0
3888
7948
1126
1934
6577
0
10316
14074
4915
0
0
0
2651
0
0
12450
0
2261
0
12390
0
0
0
8585
7423
2897
6070
13539
3427
0
401
4016
0
21618
0
13747
3307
0
3819
2565
7223
7402
13020
15409
6130
0
0
1231
0
6974
0
6204
1632
823
0
1729
17627
7851
0
1768
7375
947
0
2230
0
4781
16976
0
0
0
0
0
0
970
16856
0
0
3629
0
11042
119
0
0
0
6958
13563
5499
1412
7550
8270
4780
5757
0
1284
0
0
0
2436
0
9148
2419
2658
0
4731
0
7337
0
6443
7735
1468
12709
24112
0
1580
0
2426
12535
9858
0
17863
0
8216
6614
12850
18886
0
15021
5749
14913
0
10215
0
0
17256
0
3837
12170
17597
0
0
6323
14536
16854
4281
6358
1311
0
0
0
0
0
0
0
13337
13685
7825
5254
0
9964
0
0
2294
0
0
15288
0
12502
4166
13055
12969
0
7120
0
0
7523
2933
17680
7508
12250
11703
7167
5902
8628
3829
9029
3395
4866
0
10044
0
0
14160
3787
0
0
0
0
0
0
0
9846
4494
20782
0
13236
1692
842
0
0
8385
0
6164
2885
165
5895
235
0
627
0
0
0
8147
0
0
755
0
0
4196
7096
18697
15070
1732
12663
0
0
13485
10455
0
5086
10198
24016
0
0
14029
1556
0
2030
0
2770
9559
0
0
12800
2858
3897
0
0
0
0
14392
0
9235
2356
8685
15695
2280
4341
0
6538
894
20495
2196
10448
12385
3035
2732
3019
1731
0
4245
0
15549
4089
1105
4076
0
0
14654
720
0
0
0
0
18720
0
0
0
18543
6301
5183
17104
12220
5529
0
7823
22176
22165
12021
7614
15434
17037
11409
0
11873
5622
6519
4261
2892
0
3087
33252
2293
8703
1581
0
0
0
5933
22120
11897
14358
2134
20284
0
3751
8612
13055
14920
26670
3363
5854
0
14231
7665
0
0
0
19811
8365
9400
8370
5835
23318
1250
0
0
0
4052
6796
13652
0
22021
0
3366
0
0
0
0
0
1610
0
5049
0
85
0
25337
7740
0
0
0
10384
0
0
18495
4245
5534
1704
511
9571
6062
0
12766
6610
0
0
19381
0
9834
13215
0
21329
11295
12115
4221
0
3971
1133
15012
2842
1145
0
3881
17194
15438
2761
0
2253
6754
11590
1578
19906
15576
3828
0
9718
0
6437
3377
0
3405
5443
20729
17405
0
0
10830
6511
0
0
0
0
23725
0
1453
12481
0
0
17179
12965
6410
5055
0
7996
13476
0
0
378
19814
5896
8501
0
8596
0
0
2439
0
7455
22278
7651
0
0
913
0
7143
0
16283
0
0
10166
1925
14513
2463
6244
22720
0
5044
10241
4085
11092

=== CHANNEL 14 ===
8868
794
0
533
8202
568
4306
0
0
28312
7623
3396
0
10950
0
0
4963
23183
7083
0
0
0
0
0
455
0
0
0
7370
0
0
7728
0
0
0
359
0
0
10445
0
0
14642
0
2266
0
0
14941
0
0
3247
5639
0
1603
0
9480
10773
26071
11867
16349
3898
0
12130
0
0
0
5574
0
0
0
0
17530
0
21483
0
0
0
0
0
0
0
0
3858
0
3255
3756
0
20017
0
0
11048
10368
0
30369
0
0
259
0
8543
0
0
0
0
12645
11233
0
0
19397
8555
0
0
13511
13552
0
0
0
0
10755
0
0
0
0
0
0
0
0
0
2294
0
15850
11239
0
0
0
0
0
13244
0
0
0
0
0
15281
7846
10536
0
0
12578
7825
1286
0
0
0
0
0
0
0
14139
4563
2466
957
0
14834
8469
0
0
3402
0
0
6547
0
0
0
0
0
0
0
3938
976
0
0
0
0
4011
0
0
0
0
0
0
13359
0
11861
9541
0
0
0
0
2845
0
13613
0
0
2662
3270
3607
3145
0
2366
0
10985
4943
4161
0
0
0
7221
0
0
13351
0
0
0
8408
6638
11566
1871
3587
0
14080
0
0
0
0
8600
767
12768
5992
0
15858
1925
6272
0
8417
0
0
0
1741
0
0
0
0
0
18912
24910
0
0
28413
0
10419
0
15655
2181
16962
0
0
0
2018
3874
8288
0
0
0
890
0
0
0
5441
0
14982
10983
0
0
6205
0
1889
0
0
1757
6955
6913
0
0
2572
10348
0
14637
19979
0
1295
0
0
4010
903
0
0
6971
4780
0
5395
0
0
567
0
0
8455
0
60847
0
8442
0
9120
6968
0
1462
0
0
0
0
0
7280
0
1987
0
17852
3320
0
9798
0
0
0
7156
2453
10464
10766
0
13712
0
0
269
0
0
4413
0
0
0
3
0
6750
0
0
0
0
0
9074
0
0
0
7278
0
0
1983
0
0
11635
1230
5011
0
0
0
0
0
14335
16733
251
4697
0
0
0
0
0
0
0
3702
1175
0
0
10906
7587
11059
0
0
0
8050
0
0
12412
10039
13532
0
0
8190
0
0
0
0
7304
4299
6033
7436
14334
0
2634
0
0
0
0
0
0
0
15230
0
0
0
0
0
0
0
5116
4551
0
882
10956
12136
0
0
0
0
2862
7015
0
0
0
0
857
0
2855
5284
0
0
0
6446
0
0
0
16679
0
0
0
4768
0
0
0
0
0
8389
0
0
8621
0
0
0
10457
3685
97
10674
9257
0
2136
0
0
0
7988
0
0
0
0
948
0
0
458
10761
0
9892
0
0
0
7865
0
3644
0
0
3181

=== CHANNEL 15 ===
0
8393
712
9755
7132
12562
3180
0
0
0
0
1585
4378
317
24059
0
7474
0
13113
0
0
0
0
0
0
0
0
0
19795
231
10243
5113
0
0
17640
20653
0
9664
11222
1088
0
4088
1587
1816
0
8631
0
0
14318
0
2731
2529
0
246
0
8793
0
12998
9933
0
6813
0
3825
3976
0
18507
19399
14530
933
21248
0
13558
1028
12494
0
0
7491
5297
0
0
613
10573
0
563
0
9013
25763
0
14735
8771
0
24545
239
0
0
0
5224
0
12431
6257
23796
0
14804
0
8897
9290
0
0
572
1322
0
0
30682
0
25196
0
5433
4451
0
0
10809
0
9171
0
2738
8003
9945
13335
8985
10528
3632
12074
0
0
2755
3181
0
0
0
6256
0
1087
9881
18831
109
0
7264
0
0
3593
6186
2827
8394
12539
0
7422
0
11417
0
0
0
7214
8064
24626
15602
0
3397
5925
0
13672
11807
0
1418
1451
0
19831
0
0
18055
17802
17735
1451
10891
1217
13771
4021
3506
0
2496
0
0
19154
5024
9001
27854
15106
23255
0
3111
0
23085
0
12205
6664
1701
0
14176
1249
8252
9521
0
0
5446
0
13475
8749
9998
0
18815
0
0
1820
5609
0
1332
0
0
1913
12198
7347
1779
4746
23840
4616
0
0
0
3480
0
12067
15873
5398
9343
4218
0
15826
7525
1474
13658
8557
2033
0
0
6290
7875
10638
0
3469
7775
13717
0
17432
0
9887
2290
0
16851
0
10715
0
1980
0
15187
6627
6421
0
10650
6471
5685
11840
4721
0
5496
0
0
0
15599
0
4820
12562
10892
7992
16165
16356
4628
0
318
3393
0
0
0
3590
5565
4774
5495
0
16248
223
12586
0
2604
0
0
2620
0
12066
14373
3298
0
0
16227
4605
5570
18658
14655
0
7865
5542
3527
0
0
6133
17205
5476
0
5071
7294
0
0
5082
0
10249
0
0
396
26042
0
0
6528
0
13516
0
15986
0
21846
0
883
7686
0
5515
0
0
5679
0
12821
782
21087
197
3287
158
4732
4666
0
11168
1241
0
8640
14796
0
0
0
2311
0
4225
13487
6583
10080
314
4105
3072
0
0
0
16639
10213
5973
5852
12735
0
7563
454
0
18696
4765
0
0
13021
3678
0
0
0
16661
11309
10342
16323
10848
19280
0
17476
4933
27946
13203
7701
0
681
9305
4116
0
13580
0
17493
33998
0
0
11773
0
5966
17731
12191
0
4962
19601
18679
0
4411
15811
11118
0
0
0
0
3721
0
1398
29045
18724
0
11767
22019
15477
0
0
3863
0
15353
5911
16255
10270
5684
0
3823
4088
10257
16323
0
0
5197
1668
11553
5965
2071
0
7716
17239
0
0
13254
0
13508
22515
23286
9117
4813
0
0
0
3379
484
0
6269
0
0
14474
0
0
0
0
14069
0
0
10812
0

=============================================================
