=============================================================
DECODER OUTPUT D5 - PER CHANNEL DUMP
Format: Channel -> 512 Posisi
=============================================================

=== CHANNEL 0 ===
0
326
16431
0
0
0
0
33727
749
0
0
0
8046
0
15611
0
2755
8001
0
17450
0
8879
4152
0
23527
0
0
25806
0
8517
16742
0
0
0
5520
0
12282
0
0
0
20226
0
0
0
6563
0
23092
0
13336
10662
6182
6876
13063
27456
3447
15517
7093
0
19396
7216
2599
0
10920
22460
3439
15893
14683
20312
0
5087
0
8753
0
0
12743
15282
9509
4329
891
0
6718
11985
15048
3706
16869
5952
9395
2193
16991
0
8390
0
146
20216
13751
5146
0
11557
930
6306
0
38900
3025
19197
27536
0
901
18761
32364
14163
4413
0
9527
6305
2888
16024
0
10894
15054
11400
6821
8611
6779
0
21796
0
20685
4425
17882
8984
7363
2549
23875
0
0
8857
10324
4878
0
0
2829
4621
8727
0
9489
18721
21847
5481
0
25255
0
20573
0
1778
27562
22826
23083
4613
24218
0
0
0
2299
0
9481
0
8452
23
13021
0
10672
14533
13190
8058
11279
3516
0
179
23179
1259
12236
8246
11738
19220
0
0
0
0
4731
18759
0
5157
3507
13903
0
35137
0
5269
2159
0
2840
0
0
2446
0
0
11038
0
6792
1804
9395
13932
29954
0
14199
1327
6375
8472
8936
0
22192
0
0
6229
36245
0
0
0
3592
20696
0
0
13989
0
0
18418
0
14177
13466
18077
0
20348
16718
165
10127
0
9810
0
10287
0
0
7562
24495
0
0
0
4894
6702
273
0
793
0
1853
0
11874
8845
3818
0
18408
8134
14711
22286
24743
5582
0
0
0
0
13683
0
1429
0
0
584
17450
10937
0
6406
27956
3048
21545
0
11901
0
4802
11372
4349
26247
12561
12924
13778
0
7277
0
16824
15038
0
27294
22763
4873
4362
8504
0
11781
0
16599
0
0
14707
0
0
18190
6028
1194
0
0
1400
44793
1163
12873
19947
0
15921
6710
18972
1671
9058
0
252
0
0
11373
0
0
19129
2319
41112
0
20495
0
3902
19171
0
29741
5964
0
11372
0
9806
23102
15184
1094
0
0
1093
18989
8372
13402
635
2678
0
2034
6858
2101
17571
3068
6497
0
6912
5820
4019
10222
0
0
1194
1076
0
0
16749
852
20353
368
0
5511
0
20438
20670
0
15053
9565
23246
4365
0
0
0
0
0
0
28735
12901
8153
0
0
0
14796
165
0
9093
0
5730
30660
0
13640
919
14600
1307
13734
8664
19172
581
2474
0
0
11933
18806
14746
24934
2549
11321
0
11910
3826
0
4388
2369
23743
14226
0
0
5712
1585
14039
0
10539
0
11144
4546
19273
13956
9806
0
14785
0
22623
0
622
0
0
0
0
4610
0
12641
14319
17745
1354
0
18563
3308
0
4918
6740
9872
974
15608
5087
35566
14155
0
0
5557
0
0
18519
500
0
4131
14496
7772
0
5452
5092
30097
12362
0
10439
0
1803
4527
18291
0
9531

=== CHANNEL 1 ===
10233
5685
0
14340
0
0
14295
1576
0
0
6694
9255
12539
0
12643
14350
1060
17438
10454
0
15709
15957
15041
10369
0
6170
0
0
11603
10234
0
20594
14652
6757
2901
6299
10828
31126
0
1874
0
7299
2151
24939
7168
5186
6881
15377
0
15001
12009
20771
11554
4895
27831
13564
4672
21456
10147
5477
5356
13202
4953
10984
0
0
9830
0
7989
0
0
0
14345
10690
4609
15375
15771
14755
23255
1605
0
15004
5352
0
0
12831
0
0
24550
9
19833
821
4179
36604
24173
0
0
0
16113
13249
28013
0
15702
10055
6455
0
16488
0
5315
21216
11273
0
0
14384
20652
9812
22904
9720
118
0
7564
6235
0
25315
2145
8927
16029
4704
6378
18193
7756
12939
0
2340
0
0
0
5871
12075
0
6538
12826
0
894
19230
7865
4339
8754
7101
8641
18029
0
8429
11384
0
4506
23472
13117
2258
13529
11011
7020
10816
17974
12847
26611
0
13637
0
0
10936
19154
756
8651
13985
2621
17948
16152
4094
9710
6988
0
0
1848
25747
5718
24587
26610
12020
16750
1512
3252
17582
0
6914
13209
16878
0
7988
0
0
13394
6015
12474
0
850
12134
0
14388
12952
14899
3935
3537
11984
12198
12268
0
2931
11069
21392
7198
7288
22754
31019
7653
12548
4039
0
0
16246
1548
3499
16792
17718
19008
11010
26381
1620
13589
2559
6059
2295
16316
12527
13115
8770
11461
18985
4854
21806
1116
0
16813
4181
194
0
0
8147
0
0
14401
0
0
0
1082
8123
0
0
0
0
16654
6932
9983
0
0
3661
0
17233
12812
0
0
0
14580
14113
0
19467
3472
3235
0
0
11354
17522
16905
0
0
5231
0
7174
0
0
18864
0
0
0
0
8492
21299
0
15955
0
7942
18282
3735
21773
11461
21627
0
10493
8015
8004
8122
0
395
5231
14974
0
0
0
0
3835
0
25052
0
12627
12611
13995
0
4772
0
0
14708
7176
6111
15589
0
20290
0
18315
19609
11281
7905
0
19048
16976
10252
4937
7395
0
0
9167
12626
4404
1330
7762
8059
22952
15404
0
5377
0
11340
11418
0
12280
5550
3374
10157
0
524
2814
5239
18562
8964
0
2580
7150
0
22649
16370
15237
3124
0
892
3867
4871
16444
0
7904
0
15458
0
1439
0
6763
8671
7942
0
22500
15190
0
1264
0
0
29094
0
21382
4779
853
20128
0
7070
0
0
0
0
0
0
0
10619
23501
2967
554
0
10585
0
7495
11824
16417
0
7836
0
10438
25775
3761
10346
1550
0
0
15095
6409
8470
7764
0
4770
17761
0
0
8272
0
2877
0
0
8611
10220
2274
15797
17351
13599
20785
0
3836
0
0
4461
0
0
15642
8001
2374
0
0
0
0
14677
3704
5570
10396
11679
19757
19392
10338
12082
5590
13005
0
11975
9872
10279
864
375
0
6422
3652
12598
0
28610
4171
4487
12044
21366
6419
0

=== CHANNEL 2 ===
5508
5402
9226
0
0
0
0
0
12244
0
17441
3242
6928
0
4719
19245
3861
0
0
773
0
0
7346
9349
0
0
0
3178
17417
8111
0
2401
0
13023
6814
0
0
8087
0
12388
0
0
0
922
6008
0
0
24442
0
24341
16205
0
5656
0
0
0
23527
7236
0
0
7345
16750
0
21391
6979
561
3610
772
11369
2671
6095
7438
0
0
0
0
0
0
0
0
0
0
2180
1948
0
4620
0
7534
5490
10645
19485
7636
7657
9611
13218
0
0
259
19189
0
12124
1633
16444
8562
16264
0
0
0
0
0
0
0
0
0
9945
0
9539
1207
0
0
0
9035
0
8680
7771
0
0
828
14651
6509
14391
16786
17927
0
0
0
0
0
14275
2045
8154
0
0
0
3014
0
20714
6105
7162
0
19264
6446
0
0
2898
0
18886
14455
0
13588
0
11567
442
6224
0
15442
0
15906
5326
0
0
2778
9592
0
0
0
0
6923
23889
4730
2206
0
0
0
8175
0
17804
0
1402
6
0
17087
4471
0
0
0
0
0
14054
0
0
24599
12646
0
11235
6882
1625
0
1898
0
13449
0
0
6529
20649
12404
2089
0
21
2838
0
0
0
8341
18973
9003
11424
0
10635
1583
10596
0
3114
16161
16479
0
0
3834
9315
0
3555
0
13910
1763
0
9236
7939
6160
8077
20608
20541
2628
12907
16874
17828
14720
0
0
0
20724
4872
15459
810
0
5082
7298
0
0
0
0
18459
6623
18781
16888
10518
2061
5700
22856
0
0
0
6620
0
0
0
8705
0
1296
0
0
8018
7031
0
0
0
2112
0
0
7967
7625
0
3443
0
18876
0
0
499
0
0
0
0
19941
0
1641
0
0
8367
3676
3070
0
0
1629
0
10286
6313
0
0
0
26139
1792
10483
0
8754
11512
12041
11351
0
3496
0
0
0
1453
6117
10874
8215
8824
0
7808
202
4128
0
0
0
0
0
0
6529
3690
0
0
9019
0
3069
0
9280
6883
14593
5714
0
0
0
27111
981
674
6406
1055
4819
4250
0
0
1557
16533
9703
0
5304
0
7478
4121
0
3668
17987
5369
6486
0
16046
8735
0
25
14378
7790
0
6083
2584
0
0
10915
0
4402
5638
7160
24580
2078
611
35015
11650
0
0
0
10657
1538
9933
0
0
0
0
0
23573
0
6617
13748
8355
0
0
0
0
7090
9078
15962
6442
41089
5745
0
8389
1358
17935
199
8476
3909
753
0
2344
0
18776
2572
13874
16859
1965
20531
8365
0
12391
2403
11717
0
0
0
2716
9192
0
15671
7465
4918
0
0
0
0
4996
2994
14356
0
0
10441
8280
0
0
21466
0
0
2411
23741
24657
12876
19730
4097
22678
30631
17872
20451
28633
4378
1730
0
0
15509
10629
12059
14389
6033
13262
12580
5938
0

=== CHANNEL 3 ===
0
0
0
0
2556
0
0
0
10157
17668
0
0
0
1033
9469
12189
0
0
0
0
3442
0
0
0
0
0
0
0
7423
0
0
0
0
4828
306
0
26563
9388
17848
0
0
3412
0
14255
0
16013
15581
896
2563
14410
0
0
0
1955
0
0
0
0
0
7258
0
0
0
5632
0
5824
22826
0
30344
0
0
0
0
0
0
11415
0
0
4613
16548
0
0
22513
7825
1216
4057
4345
2755
0
24127
3333
0
0
6672
6009
0
0
0
11708
0
0
5869
21290
8348
4095
0
0
0
5175
0
0
0
0
0
0
12733
72
0
0
0
0
0
14671
2803
5713
0
0
0
0
0
10050
0
0
0
1722
0
0
0
0
0
0
0
0
0
0
0
21897
0
0
0
4107
6375
2942
0
0
0
0
0
0
0
0
10708
0
0
0
0
0
0
0
0
0
0
0
0
0
15119
0
11204
0
3613
28759
0
0
0
0
0
0
1803
0
12540
9379
9698
0
0
0
0
2277
0
0
0
0
0
0
0
0
0
0
282
0
19459
0
0
0
0
0
0
2522
8310
0
18001
0
12826
0
10270
0
20805
13658
4843
0
7611
32310
0
3596
23394
0
13661
0
10294
0
4462
0
0
389
0
0
0
0
0
4756
19680
0
0
4592
4999
13317
0
0
0
0
0
0
7587
0
0
0
0
1535
7572
0
1464
5731
7352
4598
0
0
3693
0
8011
0
0
0
10063
0
0
0
0
1303
0
0
0
0
5189
0
1084
0
0
7917
0
7404
15730
0
0
0
0
0
0
0
1876
0
5155
0
0
0
0
12487
0
17572
0
983
0
0
0
0
100
0
3637
0
0
20075
0
1824
0
0
0
9046
8204
6017
0
0
0
0
0
0
0
14723
5487
0
11555
0
16376
0
0
0
0
0
0
23542
8481
0
1536
0
0
0
0
0
0
5155
0
0
0
0
0
0
0
6887
0
0
1251
0
948
29768
0
0
8007
0
0
2748
0
13984
1595
2224
8031
11864
184
10775
0
1848
4320
2360
0
18615
0
0
0
0
0
0
0
7995
8349
4790
7952
0
0
0
14888
0
3884
0
0
0
0
0
0
5319
10061
7578
5125
16846
0
4640
0
4240
0
0
0
0
0
5596
1467
0
0
3562
0
0
0
0
5506
0
43
0
4645
0
0
21958
5424
7213
0
4360
942
0
0
11344
0
12879
0
0
3402
0
0
0
0
6636
0
0
0
0
0
0
0
0
0
0
10360
5320
23189
15197
18355
7605
0
10908
2881
0
0
27820
0
9200
0
29627
0
11124
0
1570
0
0
0
0
13479
21550
8556
0
2684

=== CHANNEL 4 ===
6172
5763
17540
0
6661
0
1825
4252
17039
0
402
11830
26461
2561
6269
0
16736
0
4202
2798
0
0
0
7890
3254
442
2438
14378
0
16300
6604
8923
58
12680
9392
0
0
7028
7249
0
0
0
0
0
0
4535
7685
18320
0
0
2455
0
5371
5806
4801
13395
14432
26836
11889
7188
0
2698
3139
0
0
0
0
10869
0
24096
0
0
0
0
1808
0
1880
4808
11075
1046
0
0
1978
222
0
6808
998
1133
10429
0
0
18454
9454
7141
19794
0
0
1085
1355
0
3900
13379
0
13230
13896
0
14765
7534
0
4241
3170
5768
0
0
7036
14641
0
26166
5150
0
0
0
16093
0
6573
11544
3737
12212
0
15781
10458
13375
9594
0
0
0
27553
23277
9346
10804
1178
0
31626
7447
6596
0
2744
12358
0
11153
18807
11463
2217
2482
0
3028
2374
23444
0
3366
604
0
6868
0
7167
0
0
0
0
10440
17222
768
0
19890
14425
9412
507
3917
4311
0
0
3940
7734
14440
13362
18278
9142
9218
3363
0
4766
1262
6583
25265
0
5710
0
10325
5689
4632
0
0
10027
0
9640
0
10400
12986
0
0
0
16870
897
0
5877
0
13718
0
17412
0
16500
9388
19224
0
12594
0
26671
12208
15001
0
0
13166
0
21415
1345
14322
4082
1120
23793
14368
3715
7883
0
0
0
5916
16277
5075
15884
3584
4921
0
0
14626
1047
1694
9003
0
2467
0
11792
6528
0
7466
12568
0
3580
7213
8944
11763
5496
34895
11640
8954
0
4848
2420
4054
4450
0
4564
0
0
0
0
0
3574
18283
6084
15756
849
0
203
0
20136
2976
10596
2307
12363
10646
14213
10343
16070
11115
3819
10727
0
11750
0
15596
9588
0
0
3622
0
0
10183
0
0
0
0
5381
5538
3345
1255
12521
10363
0
6969
17256
27
25347
19354
11539
17527
0
0
15314
0
0
1904
16865
2463
8898
0
0
0
0
13252
0
21984
18072
0
4301
121
0
9589
7842
18859
0
7412
26440
13256
6941
16229
1618
0
16177
9573
0
0
0
8533
12441
5842
0
0
6772
14023
8635
17732
0
6522
17085
12473
6394
7287
0
5200
9604
12258
0
10455
10955
960
0
0
10702
13546
0
0
0
9655
0
0
0
0
5833
8360
15784
14087
8356
7453
0
4472
0
7092
27427
5517
8459
5098
790
13603
4886
0
114
0
193
2106
0
6880
2709
0
4376
787
19046
5177
819
0
3636
20950
0
2822
0
3118
14987
7126
6156
8712
0
11577
1998
4179
0
0
9082
11474
10708
3936
9109
800
0
0
0
5473
5888
126
13286
0
9411
17686
0
0
23854
10271
33251
0
0
0
15613
3126
0
4927
14775
2090
0
6436
786
6106
4373
0
0
0
0
5579
31331
11235
0
0
19031
0
18321
3215
6503
6659
0
22447
5320
11230
2798
0
11464

=== CHANNEL 5 ===
4841
11943
0
14659
13157
9127
3118
0
0
17568
21560
14925
16061
17386
4495
0
18013
21341
21946
8165
32028
13960
8509
0
0
28964
8384
562
6888
20408
4681
18829
0
15047
6820
2291
13753
22865
8859
0
18004
58
19728
9131
15054
14837
0
16069
11312
9449
17972
35738
14104
39049
13826
8090
0
3456
2156
8073
8211
0
13513
0
15123
0
7853
0
18556
0
11742
0
27247
12499
0
10154
0
0
18151
15208
1759
6640
5012
0
2436
6738
5238
3081
18093
12945
0
12356
10640
3574
19519
0
20900
0
9876
27746
0
0
22771
157
35109
11466
0
0
4685
19614
7069
39679
787
12712
0
11181
18008
21587
28706
11657
4258
0
18930
3490
13317
25382
10665
5527
11942
0
143
1677
0
0
0
17239
0
3898
0
0
0
0
2100
0
0
9228
0
857
5703
2093
10430
6392
12149
9191
0
4112
21843
2626
0
1368
6017
0
13884
21039
0
4074
13261
0
21208
0
0
2292
0
8089
14418
668
2995
36858
0
0
569
25156
9161
32524
1645
12771
0
33738
0
0
8485
4819
14595
0
4120
0
8509
12397
0
6077
0
19726
13226
6302
0
4120
13419
21190
3400
2161
11418
12844
9092
4982
15107
12765
0
12317
18613
14643
15904
5096
19555
19961
787
18561
9234
16124
0
0
7673
8486
0
4326
12150
34085
10259
19219
11330
22833
13281
0
25713
12914
1148
13725
862
11471
0
6471
14686
941
0
0
11666
0
11604
0
12688
8430
3249
0
66
25565
14959
14686
0
0
0
0
0
0
0
0
10636
2149
0
0
26040
4621
17378
12669
13008
28638
0
0
21717
15227
611
22590
8386
12367
17191
4528
0
0
11124
0
23554
1537
27426
17839
0
12773
12227
4592
29586
8945
0
10766
0
16127
0
4236
5638
7766
5947
7027
10926
23991
11294
27508
14669
11077
0
10385
3571
0
16046
0
0
21830
0
10523
0
6981
0
21612
0
12681
0
20226
0
8544
0
7305
5101
13995
21252
27929
8747
23351
774
11308
17510
0
17783
17209
4009
17565
2301
12669
12282
22663
0
0
0
0
18967
10543
2767
743
12999
6891
21364
1880
0
16444
0
23221
0
11434
31335
6390
0
9886
0
16784
12050
7105
0
0
17597
28366
8050
0
23001
0
0
0
7422
0
8361
0
3307
6786
0
38862
0
0
19822
0
3522
0
0
988
4704
7241
0
0
0
17350
0
12311
0
4519
0
2615
15452
13556
2997
15747
293
5512
346
0
8033
0
7928
0
11191
19669
0
12314
0
10393
0
10448
14071
12615
8754
12475
6557
6011
4857
17614
28376
0
6808
2133
0
0
0
5680
25362
26069
14394
19900
6250
0
104
8457
0
0
0
0
0
6334
8120
0
1194
0
12014
19678
6678
0
23393
13069
25114
11679
2332
0
4731
0
6391
0
20049
0
10923
0
2761
0
5290
0
20651
22232
20969
1162
7628
0
24662
6879

=== CHANNEL 6 ===
0
0
0
0
0
0
5309
0
5128
0
0
0
0
0
5086
0
6594
14968
0
10621
999
0
0
0
0
0
0
241
2388
17984
1779
0
0
3768
0
0
0
0
9273
0
0
0
0
0
1336
0
2964
0
2831
0
183
3289
0
0
0
8221
1407
0
8531
0
0
0
6759
0
0
12243
4812
8122
0
10980
0
3697
1360
0
0
4156
12479
0
0
1366
0
0
0
5976
0
4714
2724
1410
0
6725
0
0
0
0
28941
0
18552
0
0
10371
0
4980
848
2959
0
7081
14455
19272
2742
0
0
0
2709
0
0
0
0
9851
1194
5050
9925
0
895
0
0
0
0
0
1731
0
1578
6686
0
0
0
0
1669
17071
6341
8107
0
0
0
7731
8424
4829
0
14222
0
7127
0
0
0
1783
0
3672
0
5377
6189
13225
0
1212
0
0
0
0
697
3649
6549
0
0
6952
6706
0
0
0
0
0
0
0
0
0
0
0
0
0
1462
0
3007
0
0
0
0
19959
0
9519
0
2020
0
7703
0
0
3559
0
0
0
0
0
8243
0
0
0
0
0
1406
243
0
0
1313
114
7515
0
13238
0
11725
0
7686
0
14764
1324
3377
0
0
0
0
0
3512
6856
0
15906
18909
0
0
0
0
0
0
0
18183
0
0
6356
16028
0
0
0
0
0
1384
0
19294
0
0
3573
0
0
0
0
6038
0
15252
27394
8967
14406
18607
0
3444
7432
0
0
8526
0
0
0
0
0
0
0
0
0
0
0
0
0
5326
0
12707
0
8147
0
0
3663
0
12183
0
0
0
463
0
0
0
1543
3805
0
7596
2033
9803
0
0
12394
0
0
1239
0
0
0
13573
957
0
4700
17950
0
0
0
0
14521
0
22229
0
0
0
0
5891
1259
188
3001
0
0
0
959
0
3203
0
14378
10277
0
0
0
3334
0
2900
0
0
0
0
0
0
8180
11280
6664
7631
0
6042
3470
0
0
0
17664
0
0
0
0
0
3198
8756
0
0
0
0
2444
8312
8236
0
3174
0
0
0
0
0
0
16462
21800
8630
0
20866
2177
0
0
0
0
0
5433
29442
0
0
9800
7208
0
0
2949
0
0
1070
4314
0
0
0
0
0
0
132
0
0
0
0
0
12518
15268
850
17576
4311
0
0
0
0
13532
0
13744
0
0
7256
0
8387
2420
0
0
1100
0
0
7986
9340
0
3469
12962
0
0
0
0
0
15608
0
6643
0
11397
22653
0
7348
0
0
4783
33622
0
0
0
0
0
0
0
0
6010
0
20009
504
11628
0
0
9148
11076
0
3655
0
0
2464
2159
0
9230
0
892
7917
0
0
3964

=== CHANNEL 7 ===
1386
0
0
19800
19647
17239
29839
0
11547
0
0
16110
12283
5405
0
12052
4668
21317
10714
2192
0
4172
0
0
3853
5128
19182
10770
0
0
0
0
924
2721
0
0
0
18690
0
20555
8022
0
0
0
0
0
0
10708
6842
1663
2980
0
18531
0
4194
0
0
0
8726
0
0
6243
13154
9301
1538
0
0
4575
0
0
894
6499
15898
0
0
0
0
0
14228
7655
0
3954
0
0
0
0
3736
4183
83
4991
0
0
0
3336
0
14725
2063
253
1140
0
0
263
0
3258
6154
0
2747
7392
11425
3696
6380
1554
2208
8783
16305
5426
0
0
10963
0
0
19888
6498
5422
0
0
0
6490
0
0
0
0
0
3336
1556
0
8837
0
1761
0
0
9224
15787
0
9435
0
0
13049
2923
0
7465
5081
0
0
9293
8607
0
0
2257
0
4199
7467
4609
0
0
3827
10635
21585
0
0
16544
0
0
0
13968
9318
0
0
0
18248
0
10342
0
0
8003
1579
9375
7300
3570
10625
0
0
0
0
1391
0
0
0
9231
9516
0
100
4450
0
17498
12186
483
745
1280
0
0
1965
9038
18130
0
412
975
0
0
4012
3513
7629
3112
12317
0
12034
0
1097
5095
4726
0
0
0
0
0
0
5108
0
0
0
9504
0
0
0
0
14750
17365
0
0
21457
6032
0
0
9756
0
0
471
0
13615
0
0
0
0
3123
3924
0
8362
0
11907
4236
3401
0
0
5257
1350
0
4291
18187
0
3343
0
17292
2009
19272
14312
0
795
0
0
0
0
3430
0
0
6842
0
16085
0
2067
0
2533
0
14973
4679
590
21359
16681
0
334
8704
0
3773
0
4638
0
2500
4077
0
5369
15330
5540
5939
15073
0
0
0
5948
1913
0
0
956
0
0
4036
0
0
0
3956
0
19842
0
0
5911
0
0
2832
0
0
0
2885
1402
0
12290
0
0
13740
0
25100
163
5460
0
0
13519
6559
8897
0
0
6665
6850
8147
699
11274
0
3413
3051
7253
21561
3229
2264
0
1045
7284
574
0
5770
0
9825
8782
3764
0
0
13118
0
0
0
3783
0
0
7336
0
0
19657
6456
5118
0
12043
0
0
8875
0
0
6380
0
0
0
0
0
0
0
0
0
2339
5012
4291
4883
0
7718
0
5670
8177
0
14245
1056
206
3730
0
0
0
0
12739
15605
2115
0
14853
0
0
1844
7910
0
0
0
9460
1252
0
4236
0
0
0
8251
0
5906
6798
9747
0
8582
3857
0
18138
0
0
16144
7387
0
978
14746
0
13732
0
0
10402
6475
0
3591
0
0
10921
765
8067
0
5952
0
4472
0
2657
0
13009
11341
17591
0
0
0
3987
0
13935
98
0
0
3847
5702
3775
0
1204

=== CHANNEL 8 ===
0
8803
1919
418
3493
0
18616
20584
0
0
0
0
0
0
3697
0
17527
0
0
6077
0
0
810
636
5887
0
0
10807
2630
2403
965
0
0
0
0
14116
3970
0
0
0
10451
0
0
4526
0
0
0
11876
0
0
0
12291
0
0
0
0
0
9666
0
8637
9832
0
0
0
11867
9349
0
1002
0
18915
3326
0
17088
0
0
9156
0
0
313
6568
13234
4807
2957
15117
8952
0
6997
0
5525
12072
0
20741
0
2622
0
0
10708
0
0
3275
0
37988
0
0
18688
0
0
10693
6026
0
10522
0
2196
0
1930
4824
0
0
0
0
15152
0
16564
0
0
299
2295
11942
18226
10827
13359
0
0
600
21535
0
0
3397
0
0
9630
145
679
0
0
0
2968
5841
7914
10705
0
0
526
0
0
0
3477
0
0
0
10220
136
10871
3013
0
0
12062
0
9423
1365
5743
4167
0
4921
6900
0
0
0
0
0
10354
0
24250
0
0
14856
0
0
0
0
10461
0
0
23043
0
0
0
3870
0
22357
10689
10641
0
2277
7867
0
0
0
0
50
1942
0
11927
3941
7843
0
0
0
0
27991
0
10806
18568
0
0
1123
1509
0
0
5995
404
7742
0
0
0
8028
3629
0
0
11125
0
5402
4588
0
0
0
0
0
8444
568
4167
11717
0
11943
14492
0
15061
0
9310
0
0
0
13140
20595
0
0
0
1898
10088
755
4588
5927
0
581
17946
0
4366
0
5173
0
0
0
0
2781
0
0
4977
1148
12747
0
0
0
0
1998
2146
2545
404
2076
18514
2995
2254
0
10944
279
1361
0
2393
0
0
5090
0
0
8537
0
0
14470
0
5556
0
0
0
0
0
1704
0
8587
13311
0
8146
3275
7234
226
12876
0
0
0
8646
0
9466
1585
3686
3730
0
0
0
4411
27601
0
0
0
0
20393
8819
2765
6827
4713
7454
7391
3390
13459
0
2399
1965
8142
0
2114
0
8561
20862
0
0
0
0
2944
0
0
0
0
0
219
0
2828
0
9831
0
2479
10049
0
0
0
1751
592
570
6826
0
0
5742
0
2071
0
11475
0
9823
0
0
8496
0
0
0
12324
6638
8524
9096
0
8654
0
1472
1917
0
0
11888
0
3790
0
1554
0
5069
11606
0
13806
0
1191
4975
0
7754
0
3232
4776
9395
0
0
0
0
2182
11533
0
0
5923
5658
15174
5036
11989
0
0
0
19122
4597
1926
19393
10666
0
0
16699
0
0
5196
5159
0
0
348
5548
0
11554
4926
4409
5141
11086
0
12796
0
12202
0
9452
0
9367
3160
3209
0
0
0
0
0
2714
3684
5263
257
10591
0
0
5536
17334
11397
22910
2317
2172
0
13858
0
0
8639
13742
11012

=== CHANNEL 9 ===
19186
22498
29566
29380
16659
32777
0
0
0
9164
12430
18799
19555
11033
0
4002
0
26445
9630
27923
0
19994
0
0
0
441
23283
8851
0
0
2437
2340
0
5520
10032
0
0
0
0
6967
6299
16455
22200
15369
0
6204
6250
0
0
0
0
5876
0
27231
0
17239
15146
0
13775
6989
8422
0
19265
0
0
0
0
0
0
0
0
9340
10483
11728
0
17724
16805
0
13934
12333
3474
861
0
0
0
0
0
1519
13626
706
7414
0
0
0
0
0
12835
13384
2394
24873
10882
10834
0
0
0
0
5528
14983
16061
0
4149
870
8043
46777
38090
17089
2655
0
10727
6518
19448
12982
25435
14509
0
0
0
2843
6209
0
0
0
0
0
0
24723
0
0
0
4014
18635
0
0
1840
0
4142
0
62
0
0
0
3984
28379
17642
15506
11869
0
0
3846
0
11160
14339
6263
1590
0
0
0
14907
0
8724
0
11642
0
0
6329
12275
18942
1197
0
0
5708
22956
0
16576
9947
15340
3434
5371
2165
15454
16564
14186
2087
0
0
9626
0
0
0
19271
14042
10365
0
33982
10454
891
15846
0
0
23505
0
8907
0
0
0
0
0
9974
9968
16920
21516
31400
0
5425
0
0
0
0
14068
0
4448
3881
0
10080
18101
15603
10626
18331
17006
17053
13626
10826
627
20261
25002
0
14337
0
0
1693
6397
5543
3571
0
14746
5891
13043
2254
0
0
0
0
0
10002
21176
24809
16519
0
10616
14263
0
0
18941
0
0
8540
12998
0
13227
0
15739
20279
22793
3518
17749
0
0
0
0
13690
1004
19646
0
17440
19646
0
8068
8683
0
0
0
0
23407
7980
7642
11416
24895
14892
2944
638
6025
0
3097
14851
23685
5047
0
0
0
18649
22108
26267
24526
16000
15504
0
10209
30281
1993
1944
6430
0
16685
0
8174
8523
0
0
0
31391
19935
11303
16975
6762
0
12939
0
17233
4659
12436
34600
28704
0
23729
11975
0
0
9475
12329
17145
1204
0
0
18893
24638
7525
31850
7777
11996
14761
13564
0
1397
0
26639
12968
9122
10439
9045
0
0
13199
4303
0
21889
28143
32815
0
0
0
0
5969
14571
16107
3359
12681
0
0
1894
0
3273
4805
12967
0
578
0
15837
9230
9579
15179
0
0
1163
0
0
14429
0
11885
20185
21298
0
0
0
688
2220
4485
0
0
21088
0
2297
0
0
16292
7135
0
21850
0
3908
0
0
0
0
10184
997
0
0
0
0
27909
10572
31621
0
9534
0
0
17777
0
0
32941
11423
1787
0
1832
21526
14634
21790
0
0
7116
0
2727
0
0
4505
3990
0
0
0
0
0
22456
7725
3758
8035
0
0
0
29
0
0
6052
3206
0
0
0
0
0
0
0
0
11221
6638
0
0
0
0
0
3154
0
12622
0

=== CHANNEL 10 ===
0
0
10727
0
0
0
7085
8309
0
0
6232
2405
0
0
0
4896
14304
0
0
0
0
0
0
0
2212
1170
1859
0
0
0
9632
0
1452
13336
7674
0
0
0
0
0
3728
0
4703
0
6406
0
0
4108
10323
0
8446
11652
24832
13479
0
0
3515
7372
16776
0
0
0
5768
9935
0
9460
4778
9146
0
0
4276
22065
9595
0
0
0
763
17028
11
0
21129
3787
2087
4351
1703
0
8666
1937
0
0
2096
0
0
0
0
0
0
5411
556
0
7568
0
0
3228
8985
7267
18286
2246
0
433
6998
20355
5584
917
5064
0
0
0
25323
5412
0
6122
10229
18400
0
2689
0
9927
0
0
432
6764
5336
7222
0
1292
3959
2270
1523
0
17590
4033
0
0
10080
0
0
13592
15724
0
8602
348
1210
5278
11267
0
320
17467
1114
4355
7221
0
0
10832
0
10986
13958
23314
0
658
0
0
11364
892
0
0
6315
18974
0
11529
8368
0
0
0
1609
0
0
0
0
0
0
0
0
6044
12449
0
5464
0
0
8880
0
2860
8552
0
6072
0
4284
1610
544
0
0
7011
0
0
0
0
15043
0
0
0
15746
10178
0
0
335
0
9263
0
8745
2134
0
0
0
0
9328
15880
17494
0
20143
2648
1296
0
5015
5765
0
0
23942
2739
0
0
0
0
0
0
7842
2435
0
0
0
13464
7646
3348
0
10287
19086
7427
0
11196
870
2428
14538
0
5168
13563
0
12471
0
0
0
0
0
0
0
0
9218
861
0
14932
9528
0
0
0
7647
0
6833
1878
0
8429
0
1856
0
815
12385
644
2277
3508
0
14096
0
0
0
10810
5699
0
3673
0
13139
4809
7496
7071
21763
0
0
0
0
0
8598
12746
0
19446
0
0
14656
15779
1485
7093
5122
7843
9890
7300
0
10630
12104
0
0
1218
0
2949
374
12557
16480
15603
11803
0
0
2931
9930
6889
0
0
4630
2484
1503
1674
2086
0
0
4303
3015
3952
0
0
0
0
12334
18463
0
1624
12317
979
0
0
1418
9763
12340
0
0
20340
0
0
1992
0
1137
0
0
0
727
15323
127
11257
0
16141
11739
0
0
15111
0
1711
7682
0
0
3553
0
14205
0
0
11969
16213
0
14439
0
15681
19601
17012
819
0
0
0
0
0
0
507
0
0
0
0
0
663
0
0
9232
0
0
0
0
0
18840
0
8624
4702
0
0
8801
2425
0
0
3254
12033
9442
23067
2713
3570
0
4105
4255
0
0
0
0
2901
21686
3325
0
2317
10062
0
0
0
0
16779
9329
5730
0
0
0
5947
5416
0
1211
7727
693
5405
6000
10017
0
7208
2309
2389
0
0
0
1191
0
0
8536
433
4845
1046
0
0
0
5797

=== CHANNEL 11 ===
11689
16644
272
0
2632
11511
0
12090
1839
0
12022
0
827
2105
8630
17860
0
2850
10319
5564
0
3394
28467
0
0
7346
12983
0
12856
20048
981
0
1497
0
7391
16194
19510
0
0
1589
0
0
0
0
4573
6834
11368
7314
0
0
13624
13245
14530
0
8386
0
0
23202
0
0
10928
7075
0
5128
0
13927
4634
2049
11734
0
8531
17202
0
0
0
0
0
9046
0
0
0
1128
8147
8855
16041
0
0
3321
11
15059
21367
3661
18564
9884
12163
0
0
928
5199
0
12906
1933
11316
0
14061
13036
0
8103
16449
4732
0
0
0
0
0
0
3196
0
0
4341
4126
2686
0
15811
4447
10936
0
15404
25686
20337
152
1158
16587
7949
11689
4638
0
2821
5031
0
5292
4941
15036
0
0
12225
12673
0
2200
4254
0
0
0
5376
2669
0
10690
12735
5637
10794
886
16964
0
12382
9885
4365
0
0
0
0
0
10919
0
210
0
0
0
9688
12731
6751
799
0
2755
2330
11320
13903
17412
2728
994
0
6852
0
3190
0
0
0
2852
0
20956
4906
0
0
0
0
4168
4995
0
11831
6586
0
20812
23347
13351
6517
12794
3778
0
1024
12333
7020
0
0
0
4248
8867
0
1603
7405
8506
14300
12618
0
0
0
8330
3841
14770
0
0
10030
8204
0
8633
9261
0
0
319
29350
6436
0
14203
18798
9476
0
13935
6644
0
8973
0
14984
0
1792
649
6401
9972
9998
0
12053
0
2645
8979
19560
7148
6143
20256
21311
10547
5990
8686
8442
11740
0
9978
761
10450
0
0
1069
0
2358
14801
0
3845
5588
0
0
3566
5127
3304
3916
6105
23151
4320
9730
0
0
3100
7698
8468
6781
0
7917
0
0
0
0
0
0
929
16291
0
12133
0
0
0
0
5639
0
15201
12679
0
0
0
3901
10601
15983
5901
0
0
0
2857
1493
0
8304
0
3860
0
0
17029
9389
2168
12756
261
6247
8480
2558
0
272
5618
5960
5238
0
9458
0
8778
404
9792
2850
0
1325
22530
0
6098
0
8015
0
15206
0
0
6908
0
0
0
4672
12
18261
15852
21420
0
11516
0
2882
17540
2201
6949
0
0
0
13833
37279
0
0
0
2946
0
0
0
17219
6200
0
9534
174
9945
12361
0
5764
0
0
2001
18345
11777
9034
0
6388
0
451
14109
12835
4295
852
3867
296
6182
0
0
13904
3711
19129
0
429
4899
0
15527
0
23941
11890
11006
0
11019
18585
13772
0
0
0
11741
0
8851
6205
0
0
5333
0
1022
6933
3527
2702
22738
0
11430
23171
0
6992
1746
15661
0
0
15117
0
15215
2604
0
0
8638
13158
6927
12510
887
0
5115
7655
2495
7242
0
10254
14991
13100
0
12566
11133
6493
1457
12026
0
0
4511
15029
0
3727
16840
2478
0
3546

=== CHANNEL 12 ===
4805
2483
3917
3864
0
20303
12238
7769
0
7825
0
14824
4174
0
0
0
804
23181
0
17185
7382
9201
0
0
5881
0
0
0
0
0
0
0
0
3276
10400
0
0
0
0
10106
18796
8166
8805
1022
0
0
0
8319
0
4957
4006
24249
783
11756
21971
0
0
2334
15742
0
2760
0
13606
597
0
4779
0
5500
0
0
8802
13162
13729
6789
0
638
10343
16875
16230
0
720
0
0
0
926
0
0
17999
0
12741
0
0
0
0
1419
8690
0
11493
3062
0
0
3429
676
266
295
8505
7226
12846
13779
4534
8703
8808
28582
0
7366
0
0
10330
0
0
9151
2321
0
7445
13519
0
0
0
3222
1053
0
0
0
0
0
21200
3136
0
0
0
886
9846
0
0
0
0
0
12014
33359
0
4806
3660
3870
0
0
20802
13295
13573
27426
9413
10577
8163
0
16792
0
24534
6812
21407
1179
9730
13576
24958
0
5748
9919
10392
1063
0
14088
0
19391
0
0
12348
0
0
1787
0
0
0
0
2890
0
0
0
0
2065
0
1669
3386
0
0
4980
0
7807
4402
0
18762
3201
22950
0
9350
0
0
0
0
0
0
0
0
1380
619
7688
0
0
0
0
0
0
0
0
0
1242
4367
0
30037
911
7522
0
0
2837
0
22094
0
10027
0
833
0
24088
0
0
891
1662
0
0
3535
6499
0
0
0
5326
0
0
6731
0
0
4232
0
0
0
0
14724
6579
16481
13751
0
0
0
0
0
0
8323
0
5710
20295
0
9439
0
0
679
0
3586
0
0
5076
143
25647
0
9374
0
16241
0
4838
0
4698
7285
0
25545
6399
0
0
4774
9359
10411
13040
0
0
12373
5763
13722
732
16650
15557
2264
0
5080
0
0
7728
0
13016
0
0
0
5897
0
0
9609
0
21294
14563
6375
4480
0
0
5537
5144
15159
17868
13054
320
22473
31516
3345
0
0
0
8177
1184
11769
0
20610
0
0
9306
0
6545
11847
2017
9550
0
0
15111
0
0
0
17224
28748
1732
4299
0
0
509
0
6740
0
1784
8654
5838
0
0
15784
3144
4807
0
13051
0
1560
3315
4476
3237
5817
174
7519
0
0
0
0
0
0
0
0
0
1091
4138
19110
1451
0
17904
14885
0
0
0
17520
6914
0
5983
11694
0
0
0
0
9688
13881
0
0
10807
0
0
0
8905
0
10665
0
10724
0
0
4570
0
0
0
0
0
8138
6705
743
18940
3858
0
10735
0
0
7744
23869
4992
0
0
0
0
7163
0
5785
4145
259
12494
12534
0
0
0
1107
13412
7834
3642
0
0
8582
8427
0
0
0
680
0
12443
10172
6114
0
16861
0
0
0
0
0
0
0
8225
7259
0
506
0
0
2974
7006

=== CHANNEL 13 ===
11578
5562
8970
15935
15641
13375
7726
0
0
859
8759
12268
1991
6520
22942
0
11824
625
1749
11413
0
6026
10253
0
479
8186
18173
3143
0
0
4251
16807
1251
3374
0
0
489
0
0
0
0
12101
13943
1482
2277
8910
17804
3578
0
812
0
0
0
20088
0
0
0
0
7483
0
8295
1062
7898
0
7577
0
0
0
2136
4109
2010
0
19485
17033
0
20264
0
6226
10378
0
14821
13892
0
0
7071
7864
3791
11023
0
11348
5814
13043
0
0
0
0
0
0
0
15132
12532
0
0
0
4254
3344
0
0
3354
120
4873
0
6856
3724
4534
2820
282
11100
15758
0
4551
0
18570
0
0
7014
14261
1494
0
0
388
6669
12976
0
32941
12341
0
3281
2703
8877
1967
6972
13101
12756
4437
3615
7000
14214
3426
6832
0
0
16242
1266
7995
23956
1995
5113
0
4602
5114
32900
12362
8317
1647
16796
25761
12917
0
6117
749
0
0
5915
0
14386
3209
0
0
0
0
3609
8912
19221
10310
377
221
9588
0
7036
2318
12131
0
10442
6970
16139
0
1098
14000
0
9160
16524
0
18203
15259
23860
5024
8531
14172
7206
0
0
9212
2762
0
0
7830
9713
4135
6623
0
0
9449
8510
442
12711
0
0
7965
0
16324
0
0
18868
10382
12704
13011
16493
21616
0
0
7942
11969
4467
26161
12973
0
0
6946
0
446
0
0
7829
26841
0
12053
0
10941
0
0
3090
19833
0
19031
15320
0
0
22148
0
0
4672
0
0
22059
0
6572
979
5776
12719
6044
14827
13445
5561
0
173
0
0
17696
22746
1346
18194
9820
0
605
0
11565
0
0
1921
0
0
16584
3006
2107
14590
0
17887
8579
2976
0
0
14406
1563
4328
0
4246
0
233
21040
10455
14257
993
9145
0
4027
11082
0
10453
0
0
0
0
3877
508
10718
27896
13305
6809
23489
1985
9261
0
0
0
0
3076
9240
0
14459
3803
8442
10746
15218
8363
0
1343
0
0
0
3735
8328
8588
0
0
866
0
0
1933
0
4389
1229
0
0
14823
14950
0
3524
0
13840
0
9049
7284
8398
0
0
19342
21878
0
0
3423
0
3785
0
2946
18922
10380
0
20040
0
5841
0
0
11021
0
0
8396
12668
0
8201
3462
0
0
0
2786
4744
12521
10822
0
0
14460
3128
1494
0
5610
0
8969
0
1466
0
0
0
0
0
5006
11836
9533
0
17942
9414
0
4224
9099
7326
19113
9729
2834
34236
13115
1385
27008
13045
0
0
11806
0
3969
0
17622
12136
0
5370
9538
0
9932
6419
0
24514
0
201
11587
12652
12950
0
0
3365
12547
1112
11818
0
9089
0
623
10653
23375
15697
1592
0
4449
0
0
0
0
4557
0
4364
1869
0
0
4453
12355
0
1804
18578
8047
5110
772
16317
0
0
0
9957

=== CHANNEL 14 ===
0
16197
6979
0
0
2621
15835
4554
19680
0
10461
0
0
0
15569
15189
0
22730
0
7116
0
0
0
0
0
4765
0
0
1189
6139
0
0
0
20070
0
0
0
0
0
0
0
6694
4966
0
0
0
0
0
16462
0
0
12170
0
223
0
6431
0
0
18319
0
0
4819
0
3503
3155
10775
26714
0
0
0
5148
0
0
0
0
0
0
0
3521
0
7321
3300
3565
0
0
0
0
0
0
6718
0
0
0
0
0
0
16039
3294
65
20773
0
0
0
0
1253
17793
0
0
0
0
0
4886
0
15276
0
6449
0
15296
0
0
0
19278
3545
0
0
0
0
0
0
0
302
2744
0
0
0
6511
14514
0
33562
0
0
0
0
1182
11803
17430
0
8472
0
8871
687
7332
0
0
10572
18741
0
9522
0
0
0
15625
0
13473
0
5010
0
10017
12362
6662
19347
0
0
0
0
0
0
0
0
0
0
0
1994
2366
0
7835
0
5751
0
0
9919
0
0
0
0
0
0
3000
0
9597
0
0
0
17172
7605
4364
4683
12952
0
4183
0
0
0
0
0
1500
1629
0
10957
10804
0
0
24447
18304
0
0
1172
15255
0
0
10591
0
0
7710
0
4969
0
2330
0
481
10397
0
0
0
0
0
0
11163
0
0
0
0
7278
0
18014
0
794
0
33106
0
0
0
0
0
0
12712
0
0
35784
0
2426
10815
12848
0
0
0
0
189
0
0
0
0
0
11101
0
0
0
0
26396
0
0
2657
0
13376
11459
0
14674
0
20337
0
0
0
0
1745
0
16797
0
15089
0
6052
0
0
0
14927
0
0
26251
0
3862
19502
0
0
0
0
0
0
17366
0
13034
18754
11691
0
666
6468
0
0
0
5479
10306
6496
0
21742
16209
0
0
0
0
0
0
0
0
10123
0
9942
13605
0
0
2669
0
0
0
0
0
0
0
0
5862
0
0
0
0
0
0
10652
7390
10716
0
0
0
0
0
1075
6902
0
6346
0
0
10617
0
4973
0
0
10313
8859
0
5205
0
14041
0
0
5088
3618
144
17390
5326
0
0
9869
0
0
16981
0
14680
62
0
0
8818
0
6868
0
0
16611
0
4624
0
0
557
2394
0
0
0
0
0
0
8459
0
0
3147
5375
0
15590
494
0
0
0
10699
12053
13217
0
11210
0
0
0
0
1244
0
0
7315
894
0
3400
8952
16351
5678
0
0
0
0
0
0
1870
0
11839
0
14233
0
5652
13672
0
0
26363
0
0
3474
305
0
0
0
433
7077
0
0
0
0
0
0
0
0
0
16709
0
0
9863
4985
2037
5619
0
523
0
0
0
0

=== CHANNEL 15 ===
0
13625
24282
4383
0
4146
17916
22185
2958
23533
0
19933
0
9693
0
583
0
21092
0
6001
5539
0
3617
516
13483
1134
0
1348
0
0
43345
0
14886
5450
10918
434
0
17388
0
0
6588
9467
0
0
0
16666
0
7500
0
1604
0
0
0
22765
0
12503
6586
0
31714
0
0
3486
20194
0
1935
0
0
0
2966
0
0
6111
22386
3205
682
8542
0
0
10717
0
99
0
1234
554
6103
3472
737
0
7722
0
10548
0
20643
18827
10718
13969
0
0
1512
0
7954
0
3752
3263
237
0
14697
3386
5727
0
0
15951
22464
15287
34131
0
0
3725
10853
3847
12596
15412
0
0
2925
1532
20725
0
2970
0
15493
0
0
0
0
14078
0
1835
14381
0
1480
0
6628
4694
0
0
0
2548
5728
5832
0
0
1104
1148
6651
0
0
0
20670
0
20658
0
0
6135
0
6260
21459
0
6187
12919
5786
1869
0
4235
26870
0
4568
13474
0
0
0
2029
0
19575
4140
3198
20725
9739
0
25618
0
0
840
0
0
0
0
0
0
8269
4757
19879
9849
11250
1292
0
3080
0
0
0
0
11779
7645
0
6343
26082
2482
9993
0
11977
0
15559
5369
24077
0
24254
0
15125
984
740
14381
0
0
4063
4433
29709
11869
19911
10081
11732
0
0
0
0
2139
0
0
9764
2546
5085
0
10592
17919
0
22232
14829
0
8857
12373
18173
0
1868
0
2616
25610
14018
0
5626
1834
2821
816
4016
18410
2947
15905
8379
1981
1917
7230
3031
5764
0
373
0
18990
0
1513
0
18076
9035
0
2718
0
7687
0
7837
0
7804
0
0
0
5339
20486
25551
3697
0
12402
988
0
2357
0
10161
19285
17646
10785
20242
14439
6829
33346
0
7239
4397
16278
9782
150
22123
9417
9590
0
14454
9353
0
4653
2760
8121
0
0
15757
22936
0
6109
18355
9173
0
17382
0
5176
16890
9332
6184
16753
0
33276
8982
19017
0
16156
17156
0
19743
17829
19415
10453
30322
0
0
10049
0
21818
13211
0
0
0
0
14314
0
9175
4350
0
14028
147
14640
480
0
0
13831
2121
0
10939
3514
0
3943
4053
12383
4670
0
2398
13305
0
23681
20508
10898
4880
8238
0
0
2075
7467
18890
1991
6436
29329
0
8702
7176
11617
0
3998
15621
0
11943
13823
0
0
0
13740
0
5271
0
0
8591
22440
2544
7736
11130
0
2725
5021
0
0
0
0
0
0
14965
0
3035
0
0
15873
25701
22541
0
27291
0
6772
0
3050
29330
11536
7557
16144
0
3615
932
0
24242
529
9521
0
27282
0
4252
2540
6795
0
0
8502
0
28971
815
4868
555
5066
720
500
0
2809
2507
0
13126
0
0
0
0
0
22240
0
0
0
6321
0
21907
0
0
0
19393
21478
0
0
0
7275

=============================================================
