=============================================================
DECODER OUTPUT D5 - PER CHANNEL DUMP
Format: Channel -> 512 Posisi
=============================================================

=== CHANNEL 0 ===
0
23762
9784
15217
0
597
2919
0
0
4904
0
0
14621
0
329
12009
0
0
16500
22358
5958
20687
5837
30044
0
34401
0
17298
4895
3737
0
6453
13734
0
6504
0
11090
0
19259
15930
0
1946
21646
0
1922
1873
14015
19663
5085
0
4836
10587
27867
15080
3351
10992
0
14304
0
10119
23570
131
0
0
224
0
1519
0
0
0
22487
7634
0
18931
1013
0
0
559
23640
1514
3257
0
1850
0
1605
0
18579
15498
0
359
0
24225
17834
0
17812
14255
7967
0
0
12708
0
20615
4404
6192
35364
0
4225
1489
0
11330
0
24210
0
0
10162
20046
2681
23323
31237
8348
28890
3572
15256
39597
0
10781
13013
2150
2724
12407
0
0
5684
0
6471
0
21301
9512
0
0
0
0
0
0
28776
0
14369
20345
11591
0
7418
10062
3858
1124
11451
0
16212
0
6809
5246
0
3887
0
0
3823
0
15573
6991
14977
12346
0
0
1681
21745
4404
28391
7524
19401
3264
5782
0
15893
335
5293
0
23328
0
0
12209
0
3748
7727
11188
3000
0
1605
4006
5912
9090
15005
0
0
0
5122
12921
5892
0
9844
34663
2442
0
0
0
0
0
1405
0
9010
0
12039
0
0
0
3340
11198
0
23029
23368
0
0
0
10102
0
427
867
5946
0
0
594
4901
0
8056
2294
1226
0
0
0
0
7700
5816
0
0
2168
0
9673
8701
13200
20233
911
7130
3054
4241
0
6283
0
0
0
2497
3905
1024
10743
0
0
7364
8295
0
12842
0
5175
11674
0
10215
10748
6531
8374
0
2950
10156
14345
0
0
0
0
11233
16240
9743
9774
0
1112
9095
5437
8026
3461
0
6809
18513
14356
10850
0
9777
2527
4686
3518
0
0
0
24785
9158
0
965
2961
292
4637
2985
11110
0
0
35833
882
0
8826
9393
19589
26275
14542
11138
0
3396
5239
9639
13104
14735
0
0
11103
2876
0
1869
0
17452
0
8010
0
15972
0
7466
9638
7669
4913
2760
20093
10677
16867
3599
0
3162
0
8452
0
8532
9468
0
8685
4654
0
9484
0
30406
3450
0
8859
0
21929
22790
2354
6583
0
8543
21640
0
15871
14451
0
18277
0
17631
10731
12651
0
0
16372
11236
4214
12666
8381
1417
13480
0
22148
5842
18451
29062
0
14915
2571
12252
0
18784
0
9549
19850
7579
0
14170
41798
0
3743
9657
0
24453
6149
13164
16898
0
0
15361
0
0
349
0
0
6075
0
24467
10360
24978
0
496
0
24117
8626
26953
0
3599
14001
19702
3517
11929
12623
15945
0
0
14271
0
0
0
4680
0
13396
2962
11143
0
0
17738
0
18545
1896
15074
0
0
0
18902
0
4976
10087
0
8640
0
22828
5429
4478
12388
3837
1253
0
2915
0
5362
0
10187
0
14971
12878
0
18953
0
0
9399
0
0
0
0

=== CHANNEL 1 ===
0
0
0
0
0
5542
682
0
17418
0
0
34215
0
12868
21065
7935
3998
6225
20733
4492
11530
6180
782
2068
865
187
16855
0
13525
5735
6969
1657
2293
15539
18596
1487
9493
2463
4416
10527
2344
19666
13380
12478
15153
9287
0
0
0
3286
7474
1224
0
12061
15844
20179
22590
0
0
6192
14254
6807
13599
0
13041
0
0
2389
14988
2710
5202
0
15235
0
16112
3754
12958
6203
12792
0
0
7674
15046
14952
1399
16476
0
3629
0
0
5722
5554
0
8482
0
4554
0
0
0
22054
0
3620
16162
0
16328
0
10211
2759
0
6240
0
0
7459
9151
10770
1831
0
0
19436
12805
0
0
0
0
9239
1256
6361
6818
5406
7015
0
25096
0
6361
10733
6845
0
0
90
12413
0
8736
13593
0
0
20396
1648
0
1035
8177
11333
0
5644
0
0
11421
0
6670
0
5445
0
0
13857
12117
12587
3630
18550
22613
8767
0
6567
3414
17241
24936
13542
11811
0
2928
0
640
0
12225
0
9790
0
14245
0
2646
7131
1123
0
23298
10258
31591
3260
24124
21071
5220
7254
19203
0
0
4531
0
0
9256
22801
0
27061
0
12269
2260
2159
0
6591
11102
17091
0
0
2491
14676
626
20967
5243
10786
7058
5405
6961
4104
5124
8076
11378
14682
6878
22751
17524
1355
2465
0
0
0
0
0
16483
4643
9548
0
8643
12896
1912
9681
22714
14290
8438
14920
10707
30664
0
0
6613
0
12775
10922
11467
0
0
17414
10599
6523
18438
12516
7298
0
25113
1955
1491
1361
4419
0
4210
1474
7628
12899
4738
15939
12803
24097
0
13452
14993
7263
5102
14305
20573
12496
4183
0
0
0
0
54
0
9489
2505
0
102
0
4500
18427
0
1520
0
0
1994
0
7543
0
0
0
12585
17628
59
12774
9024
4143
843
6973
13416
12082
11653
21497
7050
8050
17893
0
19386
13787
14210
24219
22490
14682
10668
20733
15489
7502
6379
0
15424
0
2237
15491
20228
28101
0
23537
8247
3719
20708
7877
4024
0
0
0
0
6870
0
0
0
9649
0
7911
10549
0
3360
196
0
6941
3683
0
16335
0
0
0
0
4953
1470
0
13612
391
12829
0
16258
4132
0
2902
0
7893
8704
5907
0
14606
0
13592
11771
8609
0
6231
0
4482
0
15269
19083
27605
0
0
0
3557
14918
4304
0
15468
2617
0
0
7014
0
6216
0
0
18067
0
18573
0
19860
6736
4537
10682
3855
9777
8782
0
0
13706
18403
0
5750
0
11180
24088
2867
12083
0
6881
4825
0
0
5853
0
10283
4032
5064
0
22231
0
0
13232
6097
5898
0
7455
8061
19203
0
12093
0
9545
16994
18285
13418
0
13132
0
6888
0
7048
18103
15055
18849
17593
0
2244
0
0
0
6876
0
3348
6092
1674
685
9641
26460
0
15227
29589
3649
25566
527
10009
2189
8716
1579

=== CHANNEL 2 ===
7168
0
3735
17616
3524
5876
0
911
0
0
0
15351
0
14274
0
0
12160
0
0
0
17157
9684
20973
922
24842
0
2620
0
14412
3239
12426
0
0
1170
3697
0
0
9725
3071
4548
4807
0
0
2077
11447
12395
0
6571
7303
0
0
7299
13086
0
7010
23061
19774
0
11788
5958
6937
0
0
17051
0
0
0
0
0
3575
18443
0
0
1626
4921
0
0
0
0
2604
0
7345
566
12091
0
5698
7420
17521
0
8059
0
0
0
6006
0
0
0
4507
9464
28325
10601
0
6233
0
1855
546
0
0
0
4807
7937
1910
0
9851
0
0
0
0
0
0
3903
0
0
0
0
0
5904
0
4281
6926
0
13671
867
2429
0
1610
0
2693
0
7297
0
0
609
1839
0
2197
0
3043
0
1241
0
0
0
2184
0
18775
21570
0
0
0
0
0
0
3845
5228
0
5473
10954
27233
3222
3080
11079
2734
4337
9737
0
0
17468
0
0
0
1290
5279
5628
0
0
5637
0
0
8706
0
15176
0
8721
6875
0
10488
19168
2691
0
1634
0
0
4405
13669
0
11945
3212
6141
1284
0
0
6844
294
1363
0
1463
4784
0
0
2252
0
0
0
0
0
2355
0
23854
3959
4856
0
10061
13294
13284
0
32278
21042
0
19065
12861
0
0
0
0
1578
0
14438
0
0
0
0
2231
0
0
7420
12031
0
0
1797
0
1723
9480
14391
0
10419
3299
292
0
11512
974
2699
562
0
0
0
2674
5213
0
3990
0
8987
9058
3332
6159
0
0
0
0
0
0
10115
0
0
12836
13465
3045
126
6583
14013
15229
0
0
0
10640
0
0
0
0
1638
2036
0
0
10165
0
18507
0
0
1660
7714
3065
13556
1419
0
9272
0
0
408
7222
0
9291
0
0
1123
265
0
15268
0
15262
5610
14161
0
4321
9691
16166
17551
22478
16456
1442
2761
10871
11070
6014
0
6250
0
0
10950
12026
0
0
14478
10652
1382
0
0
0
0
0
4099
13672
0
1299
5343
3184
10876
2088
0
0
8080
3657
0
5606
0
9296
148
0
0
0
284
12410
19787
16927
0
4689
0
0
1152
13064
0
767
8818
0
5186
14175
12457
3364
0
8781
0
0
19132
15727
9300
0
23351
14600
1594
15182
5485
0
0
0
0
5372
8005
0
0
7553
12016
19465
0
5946
1113
8178
7528
7058
1405
7035
19881
2133
1785
5333
13555
25648
13481
821
6859
7620
0
12601
0
4724
12005
0
0
10550
7026
3209
0
0
0
0
0
0
9311
2281
0
3923
13671
0
0
0
9067
3789
11581
17587
27777
19095
15877
14290
0
23442
0
6144
0
0
0
7595
13090
16376
13132
0
2190
2058
0
15998
5813
12770
0
0
0
4664
222
0
4821
12330
0
8311
0
0
0

=== CHANNEL 3 ===
1968
0
13099
7601
0
3097
5948
0
834
0
0
0
0
0
0
8540
0
0
0
27913
0
0
0
5618
0
757
0
0
0
11279
0
0
0
2630
0
5679
0
0
0
0
0
0
0
0
0
0
0
0
10837
4654
0
2759
0
0
0
4721
0
4501
0
0
0
0
0
0
0
0
0
4741
0
0
0
0
0
0
0
0
0
0
0
0
0
0
0
3669
0
0
25591
0
7148
934
0
0
8502
0
3528
0
3746
0
8475
0
1010
11694
6134
0
1340
0
13595
0
0
0
0
0
0
0
3718
0
0
0
0
0
8133
0
3340
0
8502
0
6693
0
2680
11549
0
0
0
4639
0
0
0
0
0
0
5181
0
0
17736
5097
12196
0
0
0
0
0
0
351
0
0
0
6271
0
14228
3239
0
0
0
0
0
0
3265
0
0
0
0
0
0
0
8776
6107
8818
4558
0
0
0
0
18533
2175
0
0
3777
0
3014
10981
0
0
13605
0
0
0
0
0
0
0
0
0
0
0
0
18839
0
0
0
0
0
0
22162
4731
9528
0
7148
0
19072
1705
11116
19241
0
0
0
0
0
0
18958
0
8383
10425
4765
9402
0
3180
22288
0
6401
0
496
0
0
0
0
0
0
0
0
9740
0
0
0
0
0
0
0
6399
3098
12965
0
0
0
0
0
0
0
0
0
14966
0
15026
8352
0
26394
0
0
0
10555
0
0
2908
18135
0
11557
1564
0
0
0
4553
0
0
0
0
6999
31474
23879
0
24905
0
6183
0
0
0
0
4896
0
0
0
0
0
0
24661
0
0
0
0
0
0
0
0
29042
0
0
0
0
0
0
0
0
0
3539
0
0
0
0
0
4626
0
5716
120
0
0
0
0
6841
26054
0
15458
0
0
14843
0
29505
0
0
0
0
0
0
0
0
0
0
0
0
0
0
0
1344
11156
0
0
0
0
1242
1848
0
0
0
0
0
0
9
27376
0
0
0
537
0
1359
0
0
6156
0
0
0
5052
6299
12994
0
0
0
0
0
16493
0
3726
0
8602
11519
0
4373
0
15769
367
0
0
0
1188
16412
0
0
0
4363
0
4417
0
0
0
8480
10681
29440
0
0
0
2110
1412
5965
9059
0
10861
16881
11023
2152
2116
11341
0
0
0
26925
0
7429
6064
0
0
0
8590
0
5584
0
0
10365
0
0
0
0
0
0
0
0
1451
14747
2293
0
0
13156
0
0
10378
14385
0
11261
0
0
3728
0
0
0
0
0
12712
0
0
0
0
0
0
1779
0
0
0
0
10662
0
28461
0
9240
0
4280
0
4153

=== CHANNEL 4 ===
4251
0
9554
6089
7689
8102
7064
23903
0
0
0
0
9935
0
17101
4341
15461
5835
13943
13231
0
36008
0
11574
15319
7167
911
157
0
3522
12973
0
22447
12330
8955
0
0
0
0
15107
3846
9214
4709
6082
6028
0
10477
15803
7690
17231
4480
7561
18173
3042
2707
8271
14243
1448
922
7740
22589
8408
0
231
16648
1732
0
0
0
0
1938
13950
0
12585
66
0
5110
0
2848
913
0
8059
6681
0
9689
2990
15565
0
0
21111
1860
0
0
12069
7913
7231
0
14674
0
0
5368
18693
5678
0
0
5223
0
0
0
0
4278
0
0
0
3100
0
0
8133
3815
0
8395
17177
13331
6399
5523
0
5963
11703
0
8272
3013
6690
4481
0
15710
0
0
0
6883
6805
6109
23930
13709
0
7888
0
15714
1511
5479
0
0
5333
77
6679
7570
9798
3650
0
2408
0
20773
8755
5748
14007
0
26668
4482
6662
2104
22881
0
13441
2359
5573
0
10748
46
6729
5744
5174
0
0
0
9066
771
557
6134
0
419
0
0
0
4067
20586
1048
0
0
0
0
0
3689
16213
7604
2320
28811
14549
16044
6887
0
0
0
5080
11244
0
0
2435
4116
4512
6770
0
738
0
3281
9154
4677
8060
15523
4673
19813
9903
2007
12887
13133
31416
20
0
0
0
0
6740
0
0
1824
0
0
0
0
0
0
0
4197
1793
5987
12266
3153
0
4512
963
2341
10632
9056
0
12181
16735
1389
15262
0
0
6928
9641
13178
1224
13620
0
9602
10176
0
11365
10545
15815
0
1567
0
11093
0
0
0
0
12812
136
9176
0
5917
0
1334
3653
15144
0
0
445
19142
0
1023
0
0
0
0
0
0
0
0
16801
8860
0
11648
17945
4769
0
11460
2325
0
17232
6590
21677
13843
0
0
14821
9771
16391
0
6718
18903
10001
4110
25350
10376
28
0
18658
16275
0
0
19719
1546
10448
0
1857
9990
2958
0
18227
7945
5744
0
0
0
0
0
25556
10967
11178
16631
0
13121
8284
4211
0
10352
0
0
7992
10282
9245
4998
8174
11671
0
0
11209
1087
4841
4329
7903
12895
12506
0
0
16048
6966
0
7444
20185
0
6666
0
14017
1004
5114
18932
3001
21340
502
728
0
740
0
0
19917
6996
5490
0
0
357
0
14188
12116
15620
0
5953
2202
3839
0
0
6815
7012
7075
17868
0
0
2651
20460
17297
24594
11218
12289
0
6740
7265
1411
7292
15957
609
0
0
640
0
14640
0
4186
7916
0
0
19890
8438
0
297
21742
1376
9440
17615
0
0
10142
0
2226
0
0
0
0
17197
8573
21894
3015
222
33452
9513
0
0
3247
0
15551
8819
3438
5279
0
16419
0
10415
0
18432
18186
0
0
0
652
6791
26958
4379
2180
0
13001
13755
10247
6496
18108
6557
13402
0
0
7002
0

=== CHANNEL 5 ===
11280
4938
17998
4248
0
0
20997
19577
16297
0
13832
8914
13666
12384
40177
8839
10563
18554
6450
0
0
0
0
0
12648
15297
0
13122
0
2269
25823
7795
0
16311
2376
0
0
0
10170
0
12153
14547
8761
16279
8385
13491
15429
0
0
22958
26389
19200
9483
18522
0
6271
19634
5469
4156
31898
3738
43190
1055
26471
15162
0
0
19349
11667
25051
11685
20422
12919
10769
0
20074
7270
19699
0
5565
0
15183
15825
12560
20825
0
300
0
16038
0
25819
0
17144
0
27186
3662
23980
10669
19000
72
9440
0
24709
2631
10965
3711
0
18119
3641
18019
0
0
0
4818
8626
3122
12232
0
4238
0
11633
0
4870
5411
8777
14939
0
0
0
0
23194
3980
0
0
18908
5771
353
0
3753
0
3405
19913
0
24543
13748
24823
39322
20177
12842
34127
1430
4986
16328
0
16890
8944
2173
0
18350
5406
20300
11115
0
38973
0
23779
20092
29902
21157
0
0
4343
0
11669
11366
19642
31345
543
10477
7927
0
4696
5302
8134
4247
7485
19504
4044
1203
16799
5768
5579
24672
13536
13281
16917
2636
8077
16909
0
25852
32742
0
18593
775
15610
24242
13296
5698
0
12272
0
0
7445
13971
8379
4435
0
0
0
20081
0
0
2749
0
7964
0
0
0
2942
0
19164
0
6225
3720
5755
0
0
590
0
0
0
5545
6158
408
0
9860
17723
21043
1240
9167
14997
1085
21831
0
21900
7939
0
14846
19808
13146
31307
18303
8086
2298
28881
4633
6421
13968
19800
0
25427
11921
0
0
0
12957
4041
12582
2284
0
25795
9534
2562
11030
27426
11501
8315
17453
8830
1182
11832
24067
7964
11736
0
11336
0
0
20693
0
7711
26120
10410
6246
20807
0
8318
0
15585
0
0
19740
0
7402
8034
0
0
13356
10241
0
6992
16276
26273
1909
24829
0
14029
0
9400
31399
23416
9313
2769
2759
26550
11443
32302
15988
5109
0
0
0
6250
0
1334
14204
4825
0
0
10803
12131
17194
30097
13258
35788
9440
17448
17836
560
22787
0
4338
0
25548
2647
12815
39994
14207
1708
0
3609
4307
0
25142
18935
29893
0
6580
11730
0
22852
1221
0
15410
7434
0
0
1718
6074
11635
14237
32845
14010
3948
0
0
0
7599
7071
1196
2652
0
13945
27494
19543
19871
20212
6886
160
6096
0
7401
666
10264
826
18441
0
10771
5195
0
0
6161
3235
418
0
8313
0
0
0
0
7365
11021
32244
22964
16340
17187
17267
9374
9826
5415
5547
13853
0
14607
1120
0
393
7162
10813
0
771
779
8438
19511
0
0
9184
0
0
28386
0
5427
10933
13046
9453
0
3112
0
4161
0
0
6385
3187
0
9055
6420
3017
0
27170
6167
0
13488
0
0
5967
0
8081
0
0
0
5295
3243
0
5703
4624
0
0
13047
7521
5741
23414
0
19243
0
26726
19045
19803
9054
6388
10383
23701

=== CHANNEL 6 ===
6621
10966
0
0
18940
2874
0
0
0
1223
8325
0
8353
0
0
13906
0
0
0
0
0
5008
1661
10274
0
0
4736
7097
0
0
0
0
2369
0
1559
0
137
9142
184
1400
0
137
0
1700
0
745
5642
2133
0
0
0
0
3508
0
0
26300
0
0
0
9266
0
0
0
0
0
0
0
0
0
0
0
6480
0
1063
0
0
0
0
0
7892
0
0
0
0
9302
0
256
0
14482
7647
0
0
1429
0
8715
2756
4037
2638
7932
2749
673
0
0
13334
0
0
2450
0
0
0
8824
0
543
0
0
3899
0
0
0
0
0
0
3697
0
0
387
6116
7018
0
3225
7564
1384
3037
0
0
0
9860
0
24000
0
6651
6192
3828
0
0
0
0
1932
7288
0
0
0
0
0
5051
0
0
0
3431
0
9675
0
0
7483
0
11796
0
0
0
12624
13140
12248
11344
367
0
0
0
816
6378
0
0
0
0
417
0
0
0
6669
0
9403
1097
0
2017
285
0
0
0
0
0
0
0
0
0
0
0
0
0
0
0
0
140
15241
11109
0
0
1203
0
15832
0
194
0
0
0
2089
7854
0
7335
0
0
0
4892
0
0
0
12762
0
9796
6541
0
0
0
21857
4726
0
0
4804
0
4156
0
729
0
0
0
3503
0
0
0
0
0
7337
15362
0
5398
0
0
9503
0
0
0
13552
0
0
4068
0
0
0
2144
0
0
6714
0
4898
0
0
0
0
0
0
0
0
1995
0
0
2458
0
2156
11048
0
0
0
0
0
0
3209
0
0
0
0
0
0
0
0
0
1196
7701
0
20290
0
0
0
0
0
0
0
0
0
0
0
0
5456
390
0
1515
2138
12379
0
0
4961
0
0
7798
6062
0
8154
8872
0
0
2165
0
0
0
1114
0
6466
6622
8675
0
0
0
0
0
0
13748
14301
0
0
0
0
0
0
0
11131
2292
1948
0
0
11156
6802
27971
0
0
9669
0
4893
3851
7115
0
0
19024
0
0
0
0
14000
0
0
11930
55
288
0
0
0
0
4843
0
0
0
0
6869
3132
0
0
0
0
0
0
8403
4810
0
7117
6899
0
0
0
0
17012
0
0
3120
0
0
11737
0
0
0
0
641
0
0
0
10685
0
4548
12760
0
4671
2385
10251
3324
0
0
0
0
0
0
13831
0
10546
4110
961
10613
3777
4166
0
65
0
3646
0
0
1398
27716
0
4660
14482
3272
0
11493
0
0
2828
0
0
0
0
0
0
7622
0
1148
0
2065
12574
6269
5995
0
2471
3813
16713
0
0
0
0
0
0
1706
0
0
0
0
0
0
5916

=== CHANNEL 7 ===
7185
0
0
0
0
0
13245
15784
0
7205
3445
0
4370
14042
1897
0
865
0
9162
0
0
0
1532
0
3641
10004
8547
0
0
10324
8863
6652
322
5468
17091
8573
0
5167
0
254
6359
1829
27095
0
0
12038
0
4456
5847
0
0
2432
6067
7774
0
0
0
0
0
0
30011
0
0
18749
9124
7768
1512
6916
0
0
0
0
743
0
23102
4352
9834
0
3748
12063
684
8920
3578
10751
0
1370
347
7287
0
3995
14527
3024
0
9155
14197
16162
0
12736
0
7374
14700
0
1130
0
0
0
0
10321
0
8223
11303
845
16970
19130
0
15037
10429
0
11055
0
0
0
20593
5133
9149
0
36
4999
0
7834
0
5766
813
1267
6051
7919
0
0
0
1988
11824
19166
0
4296
0
4735
0
1108
12889
6340
17593
2044
0
0
7658
0
0
12509
383
11848
7412
2214
29450
0
12744
9773
0
13715
0
0
6502
0
15092
0
0
4627
0
0
24352
0
0
0
5735
0
1376
4474
8562
0
2581
11471
4967
6664
0
0
6955
0
0
14259
0
3255
0
1228
23732
0
7948
0
7416
337
2817
12381
0
6678
15806
0
9938
0
122
0
8783
1437
0
19615
0
0
392
12807
13450
0
7941
0
2803
0
0
8088
0
0
0
7855
0
16316
0
6055
1494
0
0
18165
5963
7988
963
7790
0
0
15386
15285
31107
10506
8127
0
0
0
2418
4036
6817
4718
4646
52
3590
9318
0
9570
0
1365
0
4304
0
0
1484
4077
0
10296
20762
6258
0
0
648
13483
0
0
566
4435
3473
25238
18915
11139
0
0
0
1871
0
5256
0
3721
0
7673
0
0
2589
0
25894
6402
0
0
0
14767
11238
0
7159
0
3081
0
0
0
0
0
0
0
0
4127
4374
0
0
0
0
2339
39
0
7525
6521
0
0
6869
0
0
0
18530
8428
0
0
17590
6255
12390
0
5716
6103
0
0
4281
19020
0
0
0
0
4831
0
8219
7553
9852
0
14543
0
2854
0
3848
8463
0
8531
0
0
0
7612
0
9654
11433
681
1013
0
0
0
0
0
0
7068
1857
0
9146
0
0
3600
0
0
0
0
29506
5943
0
3772
0
0
7117
0
6937
0
0
5518
0
8293
7411
3562
6652
0
0
2769
9249
0
0
9272
0
0
0
0
1632
0
0
9737
17217
4088
8689
0
0
3001
0
7144
7266
7679
0
0
188
0
0
0
6598
240
0
0
1262
2280
0
0
3383
0
0
1329
0
10767
16272
10147
0
2833
0
10158
5908
0
4749
0
0
0
11223
1817
0
1094
5429
0
17233
0
580
6395
0
20228
0
0
14263
0
0
0
15579
0
0
0
8824
24763
0
0
35045
2541
4870
0
0
1116
1283
2935
16169
0

=== CHANNEL 8 ===
0
8063
26808
30356
0
897
6152
7536
0
0
7853
1601
1439
6040
19822
4851
0
0
3322
10983
12311
1999
1486
13425
0
9250
0
10334
0
0
9301
5491
0
5342
0
6724
11765
2791
0
0
10206
4510
883
0
0
2912
15877
15081
3230
1670
8807
0
7059
3593
6982
0
0
21289
0
0
0
0
0
3380
6336
0
8903
18825
0
0
0
18096
0
0
0
0
0
4305
7358
3839
12416
0
0
0
0
4575
15688
3468
0
0
8230
11008
8283
0
12046
18243
7359
3888
6132
4787
11903
5899
0
0
295
0
3143
0
6806
0
12449
0
0
0
7719
0
0
0
482
0
0
24188
9530
18191
0
1909
0
10959
24195
2781
3493
0
5636
0
1284
0
8527
0
18067
5872
10038
19580
9923
0
2651
0
6507
1459
8153
0
0
2847
12803
16164
0
0
0
0
8291
5312
0
5719
0
0
0
6148
0
9779
2598
0
0
0
0
5217
0
24703
5934
0
0
7575
487
0
0
0
12082
0
0
2953
16579
0
0
0
0
10842
445
13316
0
13184
0
0
1473
4042
0
0
2678
0
0
8958
0
0
19234
0
0
0
0
0
4628
15435
0
0
0
0
2812
0
0
8813
1353
0
0
0
0
0
0
16682
0
8219
8484
58
8910
0
94
2694
18175
0
5328
7269
6577
0
0
3403
3300
0
0
0
0
0
1713
0
961
5500
8230
13619
3108
0
0
2857
0
0
0
0
0
0
0
0
0
6504
16408
1251
7196
13735
0
0
297
4841
10258
0
0
0
0
0
0
0
0
0
0
0
0
0
0
8170
0
0
0
12723
4874
0
19265
0
0
0
0
16119
8453
6486
8339
0
9352
0
4616
0
0
13480
0
0
2064
9004
6801
23474
0
237
0
16043
0
14129
9146
2785
0
9174
2223
0
0
0
6812
0
0
26454
0
105
0
0
0
0
0
1716
0
11790
0
4794
0
0
11147
0
7656
0
0
9981
0
0
0
0
0
1819
22031
0
5322
0
3806
18538
5118
0
5276
0
13422
12884
7275
11724
1851
0
4836
22956
6569
12356
0
192
0
760
1008
0
0
22516
3776
0
0
0
0
14569
0
0
0
14339
0
0
0
10201
22942
0
0
594
15374
0
0
0
18284
0
3459
0
0
13504
3640
4907
0
0
0
9863
0
24162
3179
0
13215
26
4355
0
0
10134
0
10116
0
0
0
14568
0
0
7225
1210
0
6608
3647
0
0
13452
16642
22235
0
7107
5429
0
0
0
7001
0
12868
9714
0
0
7858
13583
0
0
0
0
0
14691
3549
0
10550
0
0
0
0
0
0
0
3838
15348
0
0
12596
2713
0
31342
21618
0
0
13506
0
0
0
29894
0
0
190
0

=== CHANNEL 9 ===
2334
0
9775
0
968
0
1664
0
21067
0
0
0
0
2477
2754
16847
0
648
17324
21835
13898
0
0
8627
2629
3287
9656
2485
0
24287
0
25400
0
0
14581
17474
0
0
3248
12741
8944
10485
0
14724
16416
0
0
0
0
0
0
11192
1499
5769
9975
10043
0
6855
7974
0
6806
0
0
18540
12784
5521
10254
16135
0
18452
301
28720
10496
21327
10232
0
2196
11709
7948
0
6849
0
5681
0
0
0
1347
0
1058
0
2241
8643
0
0
3734
5257
0
0
0
0
0
15889
83
10160
0
0
4653
1930
0
6397
0
14655
16006
24
0
0
3646
15067
0
0
6456
10450
7734
0
0
0
0
0
6781
0
6968
10611
16374
8517
49
740
0
12671
13542
0
0
0
8248
13586
10727
0
4442
24985
13856
17568
3472
35098
1385
0
8095
0
6066
2411
9061
14624
10921
32508
29579
4630
0
3208
0
9132
0
0
0
0
0
0
0
187
6807
24167
3297
8196
12722
0
40
25631
0
0
0
0
0
25854
0
0
11922
162
0
18538
9587
0
5030
12618
29919
9836
7458
13696
9926
14271
17483
318
15119
6231
810
0
424
13756
5776
9271
0
2004
21158
19985
14143
9458
15
20958
0
2428
9457
12905
0
0
4749
7728
3305
7193
35923
0
0
3575
22395
0
0
0
0
18336
2132
0
0
16776
5333
9973
0
13808
0
22095
6830
28664
13782
22621
9138
19658
0
0
470
0
20725
0
3724
0
26937
0
5511
0
12160
8625
7313
0
10293
0
0
15299
5425
0
0
0
0
7082
0
1186
3298
27204
28702
18128
29765
13704
0
0
6905
5688
5716
0
0
523
11928
4472
0
47975
0
17526
18109
0
0
0
0
0
7375
0
0
9228
0
26995
17304
0
4223
0
1391
46996
15357
25595
15583
0
0
10978
3335
0
0
14848
18737
22164
0
11334
6010
34483
14001
0
12753
8905
6034
0
17699
0
0
14284
0
28356
771
19222
0
32050
13436
0
4308
0
8986
0
14187
15285
17666
0
3913
6328
0
0
0
4106
0
0
0
0
0
0
21171
4277
0
0
0
0
0
0
0
1959
3891
0
0
18689
6152
0
0
0
2643
268
5408
0
4581
0
7819
15673
17597
40244
21422
0
5879
307
0
0
0
0
18747
11370
0
0
0
8418
393
2516
10675
0
12509
5687
0
0
2064
0
0
0
18114
19260
11065
8685
2603
0
6299
0
4063
0
1953
0
0
0
0
11825
16034
7603
4870
0
25668
0
0
16496
2807
14380
0
5271
0
26054
1798
0
0
9514
6593
19165
0
0
8899
0
0
4604
25080
0
0
0
0
0
20057
22859
574
26933
8132
3846
2053
0
1620
3970
17516
18264
14271
0
2683
28608
15843
12993
12130
15474
10333
5147
5364
12808
19852
14090
6042
6554
1241
16835

=== CHANNEL 10 ===
11129
0
0
7255
568
9399
0
0
18329
11133
0
14036
21
2947
5631
0
14187
532
11807
0
0
10326
13460
0
0
828
17320
0
13834
3005
13087
8850
0
0
13394
0
0
8479
10733
11241
0
9192
0
0
15015
294
0
3891
0
0
0
4425
17554
6093
0
0
0
3386
862
4061
28209
0
0
0
0
9962
14036
7208
3803
0
0
0
7188
1914
10765
0
6533
0
0
0
0
0
10200
2181
0
0
2735
2868
0
0
12001
0
0
7156
4587
0
0
7223
2515
0
0
9164
2546
5194
11260
1629
0
3030
1496
0
0
0
0
0
0
15936
2872
0
0
406
0
11605
1810
14419
4787
0
8063
2036
0
13642
0
0
0
0
0
7764
0
632
0
10072
0
0
0
8602
0
0
2178
1383
15829
14538
8426
0
0
1397
11851
235
0
4858
387
0
8923
5944
26350
0
15230
9934
0
0
0
5537
13207
0
16599
7660
4540
8621
0
9948
7859
0
9614
14055
9991
3899
13029
657
3981
9546
5481
879
0
0
0
13430
17932
0
0
0
0
0
8182
1688
3823
0
13145
0
0
3926
4213
8742
0
0
11632
0
0
0
10649
0
17070
0
0
0
8364
0
0
3764
18998
876
1009
0
588
0
0
0
13749
0
0
0
0
17286
0
8878
0
0
0
6998
9394
0
0
12594
0
6851
0
7241
11817
0
13236
3056
390
0
3030
12939
0
0
10625
0
3358
0
0
0
12192
0
1455
6265
0
0
0
3546
0
0
7794
0
8008
0
0
0
0
818
0
0
0
0
735
5615
9504
0
0
6844
0
0
3086
6475
0
0
11143
16952
38
0
0
1609
11081
0
0
7015
11962
9278
6437
0
0
2982
0
0
47
0
14251
7808
0
0
0
6462
26769
0
0
1706
6551
0
0
9385
27323
13328
31780
0
0
0
6290
0
0
619
24
0
0
0
4223
0
13766
15115
8028
6396
2788
13495
1671
7301
14254
1051
16266
0
0
3094
3072
7818
10427
4961
3445
412
2335
0
0
6418
0
1658
3511
0
7656
0
5398
5161
0
0
0
0
8030
0
10766
0
15589
2062
10950
0
1612
0
13625
0
20706
3701
0
0
4833
0
0
0
12597
0
891
0
0
5578
3013
2916
0
0
0
2252
3997
0
0
0
18322
9039
1587
4706
16663
1299
0
0
0
0
0
6875
0
0
0
0
0
0
9550
5546
0
10338
0
7537
22083
0
0
4368
22111
11331
1831
1082
2652
0
0
0
0
12966
0
3997
0
10890
0
0
8876
0
3395
5707
11491
7157
9076
0
0
0
26330
4194
0
4280
1130
9493
0
0
5279
0
11931
6039
0
4442
14640
12829
0
401
381
12797
0
0
5291
0
0
0
9850
0
11248
5182
22387
5201

=== CHANNEL 11 ===
3730
8441
17038
0
0
13573
12787
1459
5314
5513
19502
6627
0
4545
0
0
0
7204
0
4405
11590
0
7916
0
13226
0
10880
3025
26534
0
19327
7644
8739
0
0
0
3078
2459
0
0
8032
8249
0
4081
3065
18058
10002
0
2923
6148
18942
12166
9009
6953
15367
0
4834
0
15031
16785
4851
2106
9456
0
0
16455
9894
0
12518
7313
30070
0
0
0
0
3183
0
21206
6852
0
3325
8867
2481
2297
64
19231
10747
12291
0
0
12881
0
14020
7916
0
14136
0
0
4684
6283
7357
0
9169
7535
4839
5884
0
4367
1097
6969
2905
0
3030
2791
0
1286
0
682
0
0
8932
6024
11712
1176
14027
4136
0
0
4795
11347
1924
6329
11084
8939
0
7250
0
6415
0
4975
1997
0
0
7484
2649
13747
3681
2448
0
1200
0
0
0
478
1128
1586
13767
0
0
0
0
4422
0
0
0
0
7707
0
15084
0
0
6623
6734
10588
1193
0
16662
13314
8578
0
12873
0
1156
4496
0
0
3627
1120
0
4274
0
8253
0
0
0
0
4773
0
10043
0
800
0
0
6578
8403
1961
8605
9709
3246
0
0
16167
0
9877
13627
0
0
0
0
0
7229
0
15110
0
2397
0
17309
0
5027
9889
0
0
5076
0
0
3110
21780
11634
165
63
2560
5236
3038
0
0
0
0
0
4646
3979
5038
12320
11384
5405
10710
7949
4575
5562
0
6376
777
1298
8039
13597
0
0
4944
0
5262
4392
0
2660
6656
9512
0
14908
17568
10410
1297
0
0
0
14227
10683
18829
0
0
1844
7623
0
6661
1396
1311
189
0
17258
0
815
17381
4037
2705
9099
7027
5539
0
666
10601
12255
24984
0
12096
0
0
13263
4138
37626
4551
0
777
10415
5764
10231
11665
0
7400
697
0
0
0
0
0
0
13125
9704
0
0
4318
0
25664
17032
0
0
8047
20706
9890
0
18006
3735
4498
1195
15187
0
9997
0
5602
5738
0
0
7263
0
0
19798
0
0
15873
4748
3388
0
18023
10541
4904
15182
14279
376
0
0
16701
5146
1371
0
0
478
3214
8226
5655
0
0
17544
1935
0
33341
0
13409
0
5404
3702
14307
0
1567
0
14097
0
0
13084
31803
0
16429
3263
11933
7920
0
1023
959
3610
2074
11714
2108
11079
23386
11176
0
0
0
6532
14366
6337
0
0
0
8158
10574
3720
4078
0
12761
0
0
7065
0
5371
0
4793
15753
0
22353
0
3755
0
249
0
4538
0
10611
6477
2480
2733
2046
6479
2486
12560
0
0
0
0
0
0
0
0
11375
6198
0
1996
0
0
5635
18099
11343
1616
17730
0
14056
18328
26068
0
9141
5550
8025
5519
7909
5881
0
20430
2792
0
0
6293
12909
2799
2000
0
19688
0
2732
8855
0
0
12171
0
0
0
3611
11942

=== CHANNEL 12 ===
0
2468
0
0
0
0
0
0
0
10305
5729
12147
11262
9185
320
8085
3873
2563
2122
0
0
8388
3276
20788
0
20632
0
0
0
5331
0
18624
12935
5861
0
0
0
0
2825
14563
9966
25656
24398
0
0
0
2193
0
1426
0
291
0
0
0
2375
0
0
4551
30231
29770
0
0
1367
0
35258
0
0
15328
11248
3807
699
10432
0
5122
0
12941
8739
0
0
0
0
205
0
0
19565
0
4066
0
4900
0
0
4210
21723
802
5362
0
13241
4526
0
0
985
8047
18034
6276
9420
0
0
2373
0
6756
2818
25811
23640
1753
0
29039
10763
12912
2777
0
0
4047
5710
14073
4505
0
14883
0
10153
0
23572
0
0
13359
0
0
9504
0
55
0
6675
0
1612
0
0
0
3224
12238
22749
24582
18630
9238
0
36953
14306
0
1742
8155
0
4728
1643
24777
0
4379
4024
22831
7633
0
0
13912
12145
8151
0
0
6042
10460
0
20363
8221
13562
18703
3947
0
0
5718
12001
6232
1531
0
0
5456
6002
15380
3696
6672
7379
0
0
0
0
0
8054
8705
8180
0
56
0
0
11939
0
13318
0
0
8943
5971
0
4351
11667
2978
10218
5181
0
0
0
7371
13482
13050
3168
17951
1194
0
0
0
4761
22847
0
0
0
0
0
9190
0
3708
0
9715
4707
8826
11414
0
2367
0
0
16987
6391
4756
15945
16593
12260
0
12198
0
11751
242
0
3050
0
12316
0
7049
0
0
0
0
0
16650
0
1797
0
16155
9690
0
19187
0
0
2860
3797
11943
18222
8272
0
2228
8363
11616
0
4743
0
0
0
0
0
0
3172
0
0
8591
10086
0
11533
1568
8264
0
0
0
0
0
7389
23777
19532
0
0
0
0
0
0
0
0
10990
1160
0
12249
5056
0
19204
0
3209
671
0
18133
3640
7530
20612
28834
36016
19347
0
1410
0
0
8908
22526
11020
16287
1805
6980
0
8894
0
3033
14239
0
24515
1871
17630
9745
4742
912
0
23633
0
4734
16067
0
7695
0
0
5119
0
0
13528
0
0
0
0
0
0
0
16141
604
0
0
0
0
0
16216
0
6444
18078
7101
0
21536
0
5852
9744
26405
0
0
0
9300
0
15166
12176
0
5930
4087
0
22166
0
8657
6975
8245
487
4475
0
14586
0
342
0
0
12917
15019
2909
0
5666
0
0
0
23313
0
4679
0
2801
204
7567
0
0
0
15056
9853
0
0
0
0
0
889
2239
1136
0
17158
20716
17231
391
23666
0
8619
4
0
0
4700
6422
0
2042
5870
0
9461
0
9091
5084
0
0
4529
0
0
3652
18710
0
0
5227
0
0
0
5472
0
23921
0
22131
7684
296
17124
0
13277
12699
8140
0
8045
19113
0
0
9455
0
20411
0
14735

=== CHANNEL 13 ===
0
0
16105
0
0
0
6344
554
6362
0
0
0
0
10487
8336
6565
0
653
11163
7677
0
0
1225
6902
11551
8880
0
9453
214
17132
19644
5870
0
11918
3688
0
478
0
0
1174
5399
3754
1100
2984
1217
1686
0
0
15003
0
17543
0
672
6175
0
30935
13830
8170
0
0
4211
21563
7956
0
0
0
2275
0
1915
0
0
15348
0
35253
6888
0
17571
925
5805
13913
26110
14977
9199
316
0
0
5458
352
0
0
17344
0
6018
0
528
0
0
1262
0
0
3659
0
0
0
22455
11056
709
0
6706
0
0
2671
8811
0
0
16106
0
0
0
0
0
0
13626
0
7344
2921
0
0
9406
2868
15275
87
3484
0
9122
0
3805
0
0
0
4243
5441
0
0
0
218
10359
2567
0
15299
15413
6897
8434
6028
0
0
4420
1619
16661
13690
13260
21219
9660
24670
0
12949
0
12564
0
0
0
0
7176
1467
543
0
1955
6141
9885
0
8551
0
10229
0
10376
9255
0
0
27553
10491
0
0
0
0
8908
10145
20685
14731
7458
0
14600
1551
0
6168
15699
15045
17241
3496
0
0
1501
11055
4638
8531
11967
0
1699
9417
0
10153
972
2656
1169
0
0
7617
754
9433
984
13477
13704
0
4152
3801
0
0
0
0
10790
0
0
878
4905
5446
7324
10336
6457
18888
0
20307
0
6398
5894
15758
16204
14346
5883
1816
7999
7707
17547
0
2332
5859
0
7540
1991
30379
0
17799
14494
16330
5963
0
14902
337
0
0
0
20791
6724
1064
0
1879
0
20733
0
9209
0
8489
18144
8175
4245
11704
0
0
18159
0
0
18199
0
0
15669
2519
6414
0
10714
23016
13152
0
425
2529
0
1726
2386
0
5304
2540
23926
18175
0
1863
0
16357
12418
16355
17336
26342
0
0
6771
0
0
0
2110
1210
6215
8204
4060
17015
3069
0
23215
0
12325
11493
0
1348
0
4950
0
9544
12449
14102
0
11657
2779
8068
0
13749
0
0
0
0
11728
1891
0
12813
4604
0
0
0
17890
13387
7997
5446
2734
0
1860
11159
8634
5797
8337
0
1652
0
4698
0
408
0
20532
6906
0
17935
0
0
3372
5986
5315
1848
4734
22466
0
0
26019
5000
3977
3883
12301
3439
0
11933
0
0
7798
0
0
0
5536
3038
4226
0
17141
8353
7832
0
7718
0
637
5563
0
0
0
15445
13476
1384
0
8212
1479
6423
9260
0
10770
0
0
13394
0
0
6757
6012
0
0
23366
6063
0
0
10255
11079
0
3474
0
0
0
14965
0
18736
10047
0
15769
9516
8416
13370
0
0
16513
8860
0
18352
1107
11842
7194
0
3895
4682
17464
3408
17357
10024
8542
19162
14682
0
21992
0
3457
5611
5683
1082
3471
0
0
21557
6474
13334
639
2487
2695
27991
7273
9040
15968
1229

=== CHANNEL 14 ===
16408
6759
5449
5832
6523
0
18675
0
0
3886
0
0
0
0
0
19222
0
14466
0
5998
0
0
0
0
6788
0
0
0
10750
6868
0
5303
0
3973
0
0
3288
0
0
15564
0
14217
0
0
0
2877
0
0
7686
0
4206
0
0
12866
0
9525
11650
0
0
0
0
0
0
0
0
0
0
0
0
0
0
0
0
3790
0
1631
8721
16910
0
7600
15811
7558
0
0
0
0
0
0
0
0
0
0
2281
0
4110
2199
18903
0
0
0
26088
0
16404
0
0
5513
8092
11335
0
2946
0
0
0
0
18
11571
0
0
21918
1187
0
0
20305
0
1811
0
0
0
21531
5658
5904
0
0
0
0
0
2186
0
0
0
14473
15922
17721
0
0
0
0
6125
0
12485
0
0
3237
0
2674
0
0
0
0
4978
15376
10863
7116
24444
0
0
0
0
0
0
9789
0
9496
17671
0
14729
0
0
0
0
10422
0
0
4487
9339
14635
0
0
13699
0
0
11797
0
0
0
0
0
12749
0
0
0
2524
0
0
9787
16031
3247
0
0
0
318
271
15982
0
0
602
1089
3716
34212
0
0
0
5221
0
0
0
3041
0
4106
0
8760
29725
0
0
3062
0
20121
605
0
0
0
0
8014
11852
0
0
9631
11060
0
0
0
9528
0
0
0
10279
0
13670
4341
1140
4212
0
0
3480
0
0
0
12396
0
0
0
10494
0
0
0
0
15335
0
0
21910
6165
2186
0
0
0
0
0
2400
0
0
0
15491
0
8758
0
0
0
0
21560
0
0
0
0
22300
0
0
0
2450
0
0
0
9668
0
0
430
0
0
0
19512
253
0
0
0
0
0
1449
6895
12992
21387
0
0
0
0
0
1943
2217
0
7624
0
0
0
1945
4043
0
1890
0
3647
3159
0
0
0
0
0
0
0
13045
0
6377
0
0
0
0
33196
0
0
16225
0
3810
0
0
0
399
13234
13858
8168
12362
0
0
12013
0
0
0
10912
0
5881
27105
0
0
18536
0
6618
0
0
7446
0
0
11595
0
5199
0
13615
16700
0
0
0
0
0
0
10359
0
0
0
0
1265
6420
0
1576
0
8893
0
0
0
34448
5516
4479
0
1918
6513
8851
4289
0
0
0
0
0
0
0
0
0
10938
0
0
26450
1047
0
0
0
0
11790
11336
745
8589
0
10254
2650
0
15237
0
0
0
8057
0
0
1963
0
0
9282
9137
0
0
13098
5492
8542
0
8175
18955
3796
0
0
0
20842
12346
947
0
2960
19960
18511
0
0
6040
5844
0
7090
0
30306
2322
8285
23141
6830
0
0
22584
0
0
0
0
0
7267
0
9458
0
10811

=== CHANNEL 15 ===
0
12261
8143
19120
11828
7886
5913
0
0
0
11334
21705
21915
2415
17611
11863
5817
5486
18994
0
8610
6714
2559
0
0
3295
5678
0
8010
12643
1942
9166
0
25668
1531
0
0
5504
2580
0
20391
6824
16222
0
2445
0
15498
4641
0
0
0
4219
0
0
0
9940
0
0
13986
0
22699
0
0
0
10323
0
0
2777
1778
17495
1012
0
20056
10671
0
0
0
2218
7371
2376
0
0
14124
4358
0
0
1399
6098
0
0
0
1533
0
3004
12720
0
5837
298
1338
14104
0
11714
0
0
0
0
0
7999
7765
13431
0
13830
0
0
1766
2123
0
218
0
0
0
0
213
9770
0
2444
12198
0
1508
0
6174
28499
2558
8225
16675
12578
0
10879
0
0
15851
0
5943
18294
0
0
4865
4478
930
2647
0
7432
2739
6444
0
0
10293
4635
0
18947
0
0
15898
2360
16951
0
0
6295
17315
14728
12304
0
11267
3532
0
9153
9244
33865
21959
3698
7874
5861
15425
6047
625
8056
0
5973
12605
8985
0
9998
19442
1342
0
0
3356
21664
11503
8946
11226
4683
1546
8348
3883
14293
16051
0
0
0
0
4832
9834
0
0
18783
3180
0
23990
0
0
0
18380
11076
0
0
0
17346
0
10538
4180
5489
3514
0
23820
3095
0
622
10486
0
4372
0
0
15709
7850
0
9316
4001
0
0
0
3952
5066
16823
2032
4239
12375
4656
894
24491
6388
22759
13661
15148
11868
0
5017
0
14103
0
0
0
0
0
22676
0
1902
0
10006
0
0
0
0
0
0
1294
2662
0
0
16398
5206
13247
19316
0
4433
10682
0
114
0
2137
6839
0
15821
0
4177
12903
9290
6488
12526
4309
24449
0
468
4354
9621
26252
9976
16685
0
10468
2401
0
8339
4907
10803
11520
17974
16960
287
0
27255
5230
0
8320
12878
5045
5015
0
3353
18442
12346
11149
893
2085
5019
0
0
6054
20099
10552
0
6022
0
12868
0
30078
16453
2194
14720
11440
22031
0
13505
0
5058
0
2778
10360
0
0
5283
1419
10443
16600
5989
6165
0
19075
14060
0
13313
759
0
0
0
0
6446
100
11197
0
3644
8883
11995
20042
0
12442
21288
0
0
0
10151
1496
0
0
0
14568
0
8391
0
0
939
1057
0
0
0
5091
30056
6269
15481
16931
3997
0
13010
0
4418
0
15502
0
22454
481
9730
0
1493
19540
6058
6470
0
0
340
13198
0
8518
5983
0
14400
7593
7289
0
6756
0
10635
0
0
0
19602
0
12367
13431
13370
5912
11432
8347
0
16293
21260
10858
0
0
7992
28228
6918
0
2768
1986
8925
13839
24200
0
4312
0
0
0
9206
0
0
6626
0
0
0
886
0
20492
5654
1421
2567
18849
11994
22546
14988
328
3882
19077
0
0
7500
0
12687
0
20621
7416
0
14581

=============================================================
