=============================================================
DECODER OUTPUT D5 - PER CHANNEL DUMP
Format: Channel -> 512 Posisi
=============================================================

=== CHANNEL 0 ===
0
0
0
0
7758
0
9040
0
21930
0
11838
0
7264
14929
10011
4279
0
0
0
5520
0
36706
3025
13818
2580
3553
3336
25549
0
2093
0
2943
17083
673
177
8574
0
0
11821
34
6269
13382
0
0
0
0
0
13590
12267
2368
0
1261
0
9087
0
5130
0
3293
5294
23334
12680
18144
16671
0
3118
9977
12666
10008
0
0
0
9603
0
10493
25270
3486
16427
10543
20479
30999
14341
1508
0
0
0
1309
18463
0
5559
0
29788
4249
19995
0
13017
5927
3401
358
0
16323
0
1797
15752
6745
16631
1499
23840
13649
21722
0
0
2152
18576
15202
8269
0
0
5883
21503
14158
6856
0
0
18490
5637
7067
21090
0
30996
9867
21755
3273
6869
12300
0
7573
0
13063
0
0
0
10069
22645
0
3491
6006
0
7395
7936
17135
9796
2802
13478
0
14335
14720
6995
11318
2085
0
0
0
16529
0
13087
0
37677
27387
6658
0
0
0
10332
0
17103
12119
5184
13437
4627
7162
0
0
18763
673
8792
7159
0
8981
0
11627
0
21440
1429
2219
20971
8349
8326
20836
1180
3624
0
13351
5952
1357
22477
0
26245
0
0
30574
18023
0
0
9980
0
5620
0
12324
24268
6811
6363
5902
21760
10491
5653
2758
0
8646
10721
0
12751
0
7102
2143
7330
0
7282
0
10244
0
3460
0
6386
15076
0
11501
3769
0
20755
17591
24577
0
10998
0
0
0
1420
0
10975
0
14433
0
2069
11329
3792
0
0
0
27408
0
22645
0
19010
0
14338
8363
6176
0
3330
0
12556
10681
0
8335
0
0
0
0
0
7797
8228
0
7227
0
20138
0
23265
0
0
2194
539
21077
9051
20686
0
0
17003
3177
0
20797
10846
0
44847
11972
15725
19149
18330
0
1916
0
25462
0
21438
28021
0
0
0
0
0
0
0
2623
26531
27342
9700
8356
0
0
0
0
11819
0
11222
0
0
4846
5566
0
15140
0
43744
14982
1461
12259
610
0
0
0
6884
6404
0
21145
3608
6024
6960
0
0
0
5904
0
12877
5166
15793
5141
20062
0
10384
1221
12835
0
28327
0
7597
10648
0
12075
0
0
0
2856
0
12823
5751
14070
0
6502
0
0
0
0
17675
19131
0
0
11108
0
3086
2742
11402
0
1016
0
4492
0
19969
0
8696
1718
17904
7920
0
14613
0
9251
0
12171
0
13541
12173
21281
10590
0
8775
0
8553
4428
6080
21518
15320
0
1431
0
13215
0
31610
0
3279
0
0
21475
0
2533
0
6618
0
3411
34112
11609
6095
0
750
2850
0
4848
7798
0
0
26689
0
3648
10541
3148
7986
0
0
0
23510
0
0
8899
2526
28953
0
0
27502
3945
0
0
6870
6907
0
32636
0
0
0
230
0
12212
0
23043
0
0
19094
2701
0
23410
3613
35763
0
0
0
0

=== CHANNEL 1 ===
0
5746
0
19927
2643
4702
0
10253
6693
0
9462
20696
0
20665
0
8254
20627
6492
27525
13617
19552
34076
12602
1806
0
0
25418
10275
16781
24723
0
1764
903
8227
0
14914
0
10302
5605
17384
18179
0
24366
12806
18209
2519
13497
0
3514
11607
13435
5573
10330
18310
9015
3416
5988
2995
1218
9780
23115
5879
0
2453
2891
1557
13512
4223
0
21295
12787
3514
1724
1350
12709
4136
3666
0
0
10839
0
13788
0
17030
13557
10229
13316
16369
23159
24898
0
15182
6789
0
17155
4903
25000
0
14015
16313
1689
33195
0
2347
744
164
3799
0
1235
5876
5859
325
7448
14980
928
8427
0
0
23119
10821
1476
14786
0
1380
12069
3084
0
13934
0
8144
0
0
0
240
6910
5117
7559
0
0
5876
0
18841
20416
0
1894
5884
1869
0
12269
0
16508
5769
0
0
405
0
14898
0
6524
0
12225
8988
6396
1004
0
0
12702
15524
19074
11718
2975
14580
0
2786
16082
0
20083
12161
1810
27792
17788
0
5286
14959
16857
16775
0
0
0
32488
19602
18508
16611
7699
9581
0
11689
0
9835
2635
12137
0
12501
17295
0
8687
0
6799
7271
17382
0
0
14364
13476
0
0
7359
0
3463
2930
0
14925
9268
18017
5371
0
331
0
14063
1401
4560
14875
0
3220
0
11851
3335
0
23510
14934
18486
16754
1714
6747
0
15286
6399
10602
19259
13840
3258
13553
0
0
9806
212
15574
12656
87
13227
7921
3594
9633
8148
2697
18271
2441
26898
0
5810
6819
13813
40202
2869
33627
6541
8174
1752
6399
12592
482
13768
19947
12990
0
534
0
8349
0
17462
17381
16257
3828
0
0
0
0
19670
21165
3767
14193
0
7835
0
0
7090
2709
5432
0
21844
9046
7016
10812
2578
13874
16925
580
23923
10446
14336
11958
21045
4276
15846
1298
7891
4546
14509
1352
22333
0
23440
16048
9213
5395
15830
6043
240
0
0
5776
19575
2957
14267
18455
8329
8659
9706
9440
1967
0
12462
7310
16790
0
27952
0
2859
0
0
10845
9320
3617
16175
475
14775
1858
0
0
20105
9361
2238
5155
0
15255
23213
0
0
9314
0
2009
14980
0
0
2410
33850
743
7750
0
0
4189
19439
0
120
0
2819
20365
0
12410
14394
4718
19997
0
10430
9636
3941
5316
17313
22385
0
7388
12990
6205
721
5153
3242
2011
12238
12665
31720
847
20933
12310
18525
35961
11245
21878
30133
12731
1861
6780
6640
0
3681
17493
3269
18696
2340
9657
8292
0
3399
14276
4891
0
10557
0
704
0
8248
0
0
15641
0
23239
0
0
5076
6352
3510
5731
0
0
15054
1903
7600
24336
6702
8951
0
6907
6652
860
9795
19879
5993
0
0
0
0
10487
2555
0
8655
0
0
0
6785
0
25629
0
0
11877
0
24099
6718
7662
14448
21494
0
9293
2993
6486
1070
0
15134
745
10655
1541
0
0
10345

=== CHANNEL 2 ===
5544
4997
15856
12669
0
22479
0
3237
0
0
0
8942
0
8429
22784
21356
12547
0
0
4224
6391
20651
21180
2190
3911
2814
0
0
0
2867
1489
4739
0
18005
3624
56
10391
792
4014
0
55
0
5637
0
0
2274
5924
17476
17088
13619
1133
0
0
3175
0
3404
8555
7317
12678
10576
14992
0
5067
11158
8059
3317
7029
0
5315
12947
20661
8964
3137
3849
0
0
0
0
0
25885
10838
7405
0
5558
9957
0
8270
11992
0
0
0
20532
14651
0
1791
0
342
0
0
0
0
4022
8840
17401
903
453
11516
14747
36836
20974
10088
4303
0
9567
0
0
0
0
879
0
0
6876
2189
0
0
1031
0
6465
1619
8992
0
0
0
846
2659
9357
0
8297
0
11516
0
0
0
125
5456
0
12057
0
0
3817
23328
10173
9446
0
0
0
434
0
7806
3073
27019
11874
7103
4669
2862
2179
12100
10568
22552
6803
0
6987
0
0
8428
0
11327
5167
6755
0
5075
0
0
902
0
10491
7354
0
0
2442
0
6876
15786
18014
14789
0
0
0
0
0
0
13340
9382
0
0
23516
0
0
11601
10365
25564
0
876
3442
225
0
15129
1977
10705
0
10540
0
12704
6258
13731
3765
0
0
0
1216
8827
4345
8600
2895
7113
0
11046
12750
19408
0
9476
10924
12767
9708
11193
0
5678
5221
1864
0
0
8168
0
0
0
0
0
0
0
0
0
0
0
0
0
2941
0
24570
10707
0
1445
0
0
0
0
7454
7313
0
0
12720
0
0
1516
14323
15363
2466
979
803
0
0
8170
1652
0
0
0
0
0
3330
6646
0
4945
7703
0
0
0
9842
2959
0
0
0
29347
0
0
10432
11065
7899
13680
8607
7659
0
0
10202
4301
4688
1013
0
2054
11280
0
0
339
5324
0
0
2294
0
27404
5438
2943
4421
0
23348
0
257
13625
24260
15632
28783
12517
0
0
0
0
10100
0
22304
0
24297
0
0
0
0
0
12741
0
0
0
0
0
13595
3652
4272
0
4493
6368
32214
18455
1658
17747
6559
0
657
8333
8829
5790
21567
15426
4738
0
0
0
9844
9851
0
6949
0
0
0
2767
0
1853
13143
0
4283
12442
0
0
0
2141
0
4144
0
0
12704
0
0
0
0
0
19054
8297
5485
0
0
8606
0
1110
0
5380
0
3492
2681
0
0
0
19312
6369
7518
0
0
0
4708
0
12124
0
3296
0
0
0
7260
23286
25470
7933
0
4225
0
0
2433
7245
21085
4222
0
0
792
0
6952
15734
8169
0
3795
0
5337
0
0
3865
5862
12655
0
0
0
6989
14382
5015
44
0
13149
0
14323
0
34952
16362
2567
5675
0
0
12608
1320
8474
18669
0
17749
5788
0
0
0
3868
443
0
8659
0
0
9162

=== CHANNEL 3 ===
4511
0
0
0
19084
9383
0
6363
0
0
0
0
0
9031
33393
0
0
20753
0
18777
0
10500
32918
13246
0
0
0
0
1037
0
0
0
0
0
0
0
14698
0
0
0
0
0
0
0
0
11564
0
0
3739
22032
10337
500
0
0
8399
0
5320
9762
15854
4006
13778
2168
1532
103
9736
0
0
1768
9690
0
0
7357
3960
3979
0
0
0
0
0
0
0
0
11219
0
17632
0
0
0
0
0
0
20526
9907
13673
0
0
0
0
0
0
1308
0
7692
0
0
9885
0
11315
0
3460
0
0
0
0
5111
17390
0
0
0
0
31653
0
9859
0
9126
0
2486
0
0
13740
22915
10924
9727
0
3011
0
0
0
12016
6451
310
0
9928
10941
0
0
0
0
0
3790
0
2039
15616
4202
0
0
3894
0
0
0
0
268
7976
7586
0
454
3806
8971
3104
0
0
0
0
0
0
0
2093
0
0
10016
556
11092
0
0
0
0
15365
0
0
0
0
9059
0
0
0
8890
0
1007
0
0
0
376
0
0
0
757
16878
17401
12749
0
0
0
5391
25794
0
1191
13776
0
0
0
9297
4043
35496
0
278
6345
0
4576
0
0
0
4257
0
9314
4086
0
0
0
2764
0
3476
0
3915
4070
0
0
0
0
0
0
12178
0
0
0
0
0
0
0
0
0
0
0
0
0
0
0
12143
0
0
0
0
0
0
0
0
3029
0
125
0
0
0
10807
27163
0
7063
0
8403
0
0
2613
3650
0
0
950
0
0
0
10772
0
0
0
0
9486
0
0
9774
0
4488
11818
0
0
0
0
14406
22446
0
18871
0
9742
15180
0
0
0
0
0
0
0
0
36678
0
0
4214
38708
13959
2390
0
2799
0
0
0
15320
3429
0
0
9505
19362
0
27468
16343
18782
8900
0
3651
0
0
0
4764
19613
9047
0
0
0
0
6604
0
2973
0
0
0
0
0
0
0
0
0
0
0
0
0
0
0
0
0
0
0
8716
0
3903
3605
0
0
6137
56
0
12618
0
0
0
0
0
0
0
12877
0
19402
0
0
0
0
0
0
0
0
0
0
0
0
0
0
15575
14690
0
0
38265
0
0
0
0
0
0
0
0
0
11223
0
0
0
0
3289
4999
0
5383
0
0
19930
0
0
0
3935
0
5445
0
0
0
0
1140
0
0
8837
0
14757
21717
0
9713
0
0
0
5218
0
0
0
7000
0
0
3589
6542
0
0
0
0
0
0
0
0
0
0
0
0
0
20036
0
9550
0
4771
0
0
0
1035
0
9214
3295
0
0
0
0
0
0
0
11455
0
0
0

=== CHANNEL 4 ===
5452
14595
23518
6252
15812
0
22224
0
13599
2285
0
0
0
15253
6576
635
1966
10294
0
19269
21125
0
8883
14559
10249
0
5931
0
0
12080
0
2485
5949
7326
18110
0
802
11472
5818
0
3758
25
2512
26471
0
8508
1731
16954
8312
2082
0
0
0
7552
13097
0
6530
32003
0
2390
1461
0
15441
13892
0
0
7343
1268
15050
14818
7181
0
0
4993
1200
18900
10815
7275
0
6311
10019
0
0
19913
10652
2322
0
0
0
2499
26262
7366
11858
1443
0
7204
0
16507
0
13317
0
0
0
12367
6785
21695
8693
14683
21138
17767
9120
22217
3063
0
0
19553
20210
4677
2221
0
0
19357
10422
0
8946
0
0
0
10582
0
10429
7979
524
0
0
0
6274
2100
4842
19996
12306
8222
7357
2855
0
17795
5013
59
5018
6185
14655
0
16413
707
0
239
7925
517
0
22855
3856
0
2687
0
7038
16582
2779
10704
338
3879
0
0
776
13519
7917
20071
1501
0
6620
8389
2440
636
0
0
12481
11191
4060
0
0
21079
0
0
0
8887
28293
3719
5994
0
0
13408
0
9738
2580
0
2051
4105
23100
20433
7497
0
19490
5820
10476
6526
7199
4061
13842
11543
15154
0
0
0
20228
0
2305
8045
1279
10583
7245
6683
5828
5987
10896
0
16118
0
5508
6692
3954
10349
8662
0
0
2997
8341
22902
0
13432
0
0
8603
0
4464
2700
7144
9014
0
0
0
3398
24041
10643
8082
0
0
701
0
9933
2887
15045
0
0
0
11238
0
18122
899
560
0
14338
10693
2496
10102
3553
3966
0
0
11557
0
0
0
0
11181
0
0
0
3705
0
7731
0
0
7513
0
4459
13178
0
3191
12522
3002
1840
1070
10883
4468
0
0
0
0
0
0
6837
0
0
12503
6672
7697
6034
11883
0
0
12315
0
2344
13474
0
6062
10380
6703
0
5033
1042
10333
0
0
9800
5120
15633
3265
0
0
0
15952
0
0
0
6336
0
3351
7796
2705
7023
0
8085
0
3697
24701
0
4181
17964
2861
0
7777
6578
0
9528
0
1440
2910
10659
1138
1792
10848
1529
7388
8157
8325
10652
10420
8226
12387
1877
9585
0
17842
4919
18471
19902
9679
16856
0
1206
0
0
12153
0
2820
0
0
3092
766
5325
0
9409
14258
0
0
10292
5436
4495
11690
2321
7280
9950
1820
27707
7587
8377
0
3766
7050
0
2341
9424
39943
0
13283
0
0
3383
0
12859
0
0
0
0
7483
0
0
0
0
2098
0
20575
0
0
0
14148
4582
0
9448
0
14230
0
7319
3072
5600
17033
7148
0
0
14740
9519
0
1202
0
7574
0
1420
17494
4142
1916
7293
293
0
12007
0
0
0
0
14124
4252
16379
8406
0
2848
0
6930
10526
6705
3602
9063
0
7427
0
0
9061
2916
8464
4907
2368
2575
2120
2445

=== CHANNEL 5 ===
8225
0
0
11996
8863
7819
30962
17770
16044
0
0
12803
8960
0
0
13597
8363
19006
3363
19558
14877
13731
38170
0
11229
1553
0
0
0
11159
15038
6628
12132
7102
0
16912
5128
18095
1834
19016
4191
23374
0
37000
0
40373
13186
17393
8434
7170
0
30001
4595
0
24294
0
16663
0
0
0
12563
0
4830
483
0
631
0
0
0
0
5850
7572
10070
14993
30068
29642
13903
13016
0
4284
14001
0
12112
10748
8548
13776
5107
25276
15337
20785
0
575
12553
21129
17384
24521
2371
7732
3547
11410
1482
4939
0
0
8248
13643
26208
0
6732
259
9027
14413
0
0
26439
10483
14881
27210
8712
22212
2792
8779
4089
0
34123
0
1334
1947
0
1830
12201
4748
17649
0
17949
0
18401
0
0
13570
0
22833
3722
0
17090
0
3115
6230
14978
15913
6762
0
2707
18021
16937
21610
18083
5931
18308
0
2107
8363
12917
6056
0
0
0
4882
15877
7353
17653
0
0
13992
26462
0
5608
0
12564
0
26599
5575
4108
4786
9759
4305
11530
0
14922
20627
0
10037
14975
13973
10473
2085
15992
4443
14580
0
14879
53
23298
0
9200
18189
18991
6307
4399
0
0
12508
7656
22597
19182
0
28899
17352
0
0
0
0
0
0
4780
0
14541
2979
17086
9025
217
39984
0
3342
6995
26534
0
0
19198
6441
10942
20863
0
15922
18220
16599
16128
23048
10781
2805
532
0
2122
13499
1350
21726
8106
12222
0
16198
15426
19255
1658
627
0
0
0
22963
5319
24036
0
26527
27920
34155
628
9007
5721
8572
1856
0
2128
13850
29336
6382
0
3348
2058
14459
0
15236
11901
15733
0
6570
0
6345
4568
18804
0
32160
10512
7134
7206
0
9945
704
0
18896
0
0
3961
8502
0
9624
5212
10761
8590
6481
0
28061
9575
19722
2759
5750
0
33775
0
20026
0
28443
4767
13497
16098
668
14161
21195
18035
1217
11361
9154
2936
0
29266
10000
6046
4768
0
0
7275
0
3869
0
121
0
14861
1392
23776
5741
6086
0
5554
13443
20380
0
0
0
4156
28813
0
32270
6319
4528
10865
9016
5428
0
20081
18254
1029
26948
20855
14452
930
0
19270
0
18200
16893
10863
6965
6382
0
12530
0
23631
18719
11305
21948
1683
18144
0
301
14951
10246
9900
3113
11177
25755
6178
17728
0
27192
4639
6326
47
15831
10155
18783
3005
10877
20935
5664
40868
30931
23660
43826
13190
5788
8469
0
14453
1646
0
22365
6809
19870
0
4606
9554
9647
0
35278
2951
5298
18120
0
17159
0
0
0
6156
0
4394
23267
12011
17955
5817
0
0
0
12356
0
23850
5231
0
30160
1809
0
507
927
14138
21317
0
0
10442
1028
0
12125
2233
11025
0
0
3583
13582
14559
408
10338
2902
10966
0
185
0
15248
0
0
18577
8160
25713
0
3959
0
15354
7226
8718
1220
45
0
0
16942
0
0
12106

=== CHANNEL 6 ===
9924
16060
16023
0
0
0
6887
0
7891
0
1979
6067
2216
0
0
0
4632
1814
0
6511
0
0
0
4493
6733
0
0
2895
0
334
0
7784
933
0
0
0
5854
117
0
0
0
2198
0
1593
0
0
0
0
0
4626
0
7098
0
0
2941
0
2946
0
0
9998
0
3193
1145
2103
1319
0
106
1541
17656
0
0
5040
0
0
0
0
0
0
0
9544
0
551
3581
0
0
0
0
0
0
0
2184
0
0
7223
1509
1263
0
0
0
2099
2995
436
0
7167
0
1897
870
4523
4678
0
4651
0
9648
0
0
9303
7103
0
214
0
4960
0
12840
0
4040
0
11734
0
0
2023
0
148
11055
8499
0
4522
2994
6370
16233
0
0
0
0
0
0
0
6108
0
0
0
0
0
0
0
6805
0
0
9272
0
6263
0
0
0
3053
0
738
1567
2911
0
0
3076
0
0
2748
0
2067
0
12687
0
5782
0
4118
17898
0
1675
0
12293
0
14410
0
0
0
0
0
0
7496
9047
13475
0
9228
0
0
0
0
0
0
9082
0
0
5136
3505
3031
0
0
0
0
0
1653
0
0
20809
0
4901
0
0
16826
16065
10028
12677
0
0
0
0
0
2038
0
0
6215
0
11607
0
0
0
16027
0
2188
0
0
0
7568
29481
0
67
0
0
393
0
0
1711
0
0
0
0
0
124
0
4210
4512
0
3839
0
0
0
0
0
7646
0
0
0
0
473
0
1816
2342
2929
0
0
0
5414
0
0
3541
9626
0
0
0
0
0
0
0
0
3798
0
0
839
2243
0
5145
13523
0
0
104
0
1259
1504
0
5987
0
0
0
0
0
0
13940
0
7691
0
7995
0
0
0
0
10224
1071
3522
0
0
255
8812
3995
6160
12430
0
5092
6702
9665
0
0
2740
0
1084
0
4167
627
21053
0
643
12856
6060
0
0
0
2383
0
20761
1348
15917
0
0
0
2096
0
0
1275
0
4880
0
12029
0
0
0
0
9813
6426
1907
5742
0
1316
3961
0
0
0
1836
18618
0
3514
825
7273
0
5799
0
0
4657
0
0
0
5996
0
0
9170
0
0
0
0
0
0
0
0
7704
7542
0
0
0
42
0
0
9405
0
0
0
0
1134
0
16055
0
0
0
0
0
0
0
0
9276
0
0
0
6581
0
0
3839
0
11645
11417
0
0
0
0
3110
2195
5983
0
0
1654
1012
21940
0
0
4338
0
0
2290
17863
3323
0
0
2945
0
0
2428
0
0
9056
0
0
0
6819
0
0
0
0
5130
12524
14985
8294
0
0
0
4237
0
0
0
12698
0
0
7332
3256
836
590
0
0
8786
0

=== CHANNEL 7 ===
0
4375
11295
940
8102
8355
2218
0
0
6996
0
10876
0
2843
5574
0
7442
575
4859
7810
1630
0
0
0
0
4552
7092
2095
0
16283
1517
890
15467
0
0
136
377
1643
14
13152
9318
13915
7530
1791
15217
12668
9733
0
3107
0
0
1440
0
0
5180
0
0
0
0
0
0
0
0
2007
9091
0
0
9355
15926
0
8065
12996
5589
4280
12897
0
0
96
12316
0
0
4735
0
9653
6532
7360
0
20370
9107
0
12537
14410
0
0
0
8132
8066
3223
0
0
7886
0
0
2993
14092
5271
0
0
0
4760
11741
0
812
12214
0
0
8801
0
12974
0
2947
0
16017
2025
0
6449
0
0
708
0
0
1304
0
0
8232
0
0
0
0
0
12852
0
8278
5971
0
0
6522
4712
0
0
6664
0
4300
0
0
15097
16857
0
0
14633
9397
15530
0
12229
847
1186
12946
0
0
3562
0
0
1607
849
9541
7446
0
2708
807
0
523
0
0
0
18533
0
0
0
3619
18924
6980
0
0
0
10164
6769
0
2929
1431
0
0
2599
4722
2702
0
0
0
0
336
0
2182
0
12387
0
16582
0
0
0
8050
0
0
7060
0
0
0
3654
0
0
7340
0
0
0
0
563
0
0
5756
11377
502
5090
0
0
0
0
0
3240
0
7496
0
11380
535
1271
0
11521
17043
1863
13941
9603
1108
9421
11308
18645
21242
0
0
13005
0
0
0
0
0
9912
6226
0
8724
2578
232
1727
0
0
15953
0
0
0
0
10739
0
4694
11534
0
0
9251
227
10376
6624
3631
7928
0
5685
12652
658
5826
16817
0
7945
0
0
7375
981
0
3786
0
10260
2456
4026
0
0
10638
0
0
0
0
0
0
0
0
0
20008
12631
3889
0
2090
1868
0
0
0
0
0
15507
4027
15821
3767
0
0
0
6896
0
0
0
3703
0
0
10083
0
0
15394
4897
0
0
2001
11304
0
0
4691
0
0
0
3439
17026
0
0
15266
4594
0
0
0
6416
0
0
0
0
5487
0
0
15939
0
0
14441
6920
0
12384
9963
0
2890
0
0
23494
11662
0
0
10134
15204
0
2331
11824
6501
620
5525
0
4719
144
7147
7756
21210
0
0
14197
0
6888
0
0
5704
0
0
96
7472
0
9806
0
0
0
0
17586
3316
853
20000
13357
0
14168
9137
0
8933
0
6492
0
110
0
9603
6523
0
0
4972
20954
1138
0
0
0
1108
0
0
4764
9998
0
0
15046
0
16135
11795
0
0
15598
11583
0
0
3750
2835
0
0
23024
0
0
2943
0
0
4364
12281
0
0
13866
0
0
0
0
0
0
10491
7983
2358
4513
0
0
0
9263
16220
10689
0
8839
0
0
3790
8835
0

=== CHANNEL 8 ===
14803
13248
16756
9433
0
0
20109
0
4347
0
8108
0
14227
12761
0
0
0
0
0
12354
0
14221
0
7075
5421
0
0
0
7209
8374
2623
6973
3645
0
5979
0
0
0
0
9138
0
16855
0
0
0
3536
0
0
0
4063
8519
477
5252
0
1163
0
0
0
10003
7718
12568
13693
783
0
1676
202
537
14592
0
0
2307
10267
0
0
9513
2839
0
8785
13421
0
0
0
8819
2925
0
1782
0
1479
0
0
5427
0
0
1983
4330
5325
60
13233
0
0
0
0
7
3957
0
0
3870
14218
0
2582
17179
3130
0
0
10896
6619
903
5732
0
0
0
0
0
0
17680
2791
13284
0
10089
0
2906
0
4871
0
8099
0
0
0
8571
0
1274
0
8218
0
0
8404
7141
20937
9913
0
0
8940
5546
5242
15067
7360
2301
0
0
6954
784
0
0
7197
497
10979
0
0
0
0
15751
0
19153
0
6777
12648
0
0
0
0
0
17083
7362
0
4242
0
8153
5767
12305
0
0
0
0
7643
0
15076
0
2562
1400
0
5464
4448
0
6072
16539
0
0
9044
19070
9622
0
19723
335
0
0
4423
0
27074
118
0
25079
2074
3637
0
0
0
0
3672
2117
895
0
0
0
10158
23895
0
0
0
0
0
0
11121
0
11006
4696
0
3733
0
0
0
16820
0
0
10928
849
0
1336
1445
2721
0
1977
0
0
0
867
0
0
13323
630
0
2276
0
0
0
0
0
0
13561
11492
0
0
0
0
11351
0
0
11889
0
4086
0
3040
0
0
0
30542
4749
0
0
0
0
2572
0
0
0
8490
0
8608
22554
19530
0
0
0
0
0
0
2012
0
0
16019
0
0
0
5994
0
0
0
0
0
0
0
0
11699
5235
7135
8549
2624
0
10742
10829
0
0
0
29
0
0
0
4491
0
14332
0
25775
16594
0
0
5586
0
10983
4540
0
333
7375
0
10137
893
8388
0
6722
21857
1520
0
0
12051
17194
4105
0
0
0
3595
0
410
7612
0
6005
5795
0
0
0
0
9040
0
8054
0
3625
7813
0
9311
0
0
4170
0
0
87
0
0
0
11731
4137
2325
1500
6025
0
0
4607
11634
3254
0
2002
0
0
16327
0
6687
0
23380
0
0
0
0
11887
0
5823
7507
0
117
0
6956
0
0
0
0
0
0
3967
10545
4971
0
11396
13103
9436
6098
0
0
0
7417
3316
7923
10520
0
4982
0
0
0
15684
0
0
0
0
2087
7933
0
259
18270
9351
0
0
4288
10847
5821
16120
18905
0
28433
0
0
16796
12354
17263
0
18362
2905
0
9987
944
6223
7535
0
0
0
0
0
6286
0
0
0
11638
0
0
0
3428
0
5022
0

=== CHANNEL 9 ===
0
0
0
0
0
4293
0
0
6153
18735
4822
0
0
0
11907
0
19854
14911
13211
6400
5608
0
0
0
0
0
24714
0
0
8259
5577
18326
1002
0
0
0
0
17560
19229
6678
3328
18943
7780
6910
9600
6844
559
0
8513
3229
0
38754
10229
23478
2850
0
0
17113
9667
0
0
8055
3969
16319
0
0
5322
10807
23266
20403
20939
5772
3730
18534
0
0
17761
30452
21668
7356
3458
0
0
0
0
720
17281
28862
7722
0
0
0
7284
2405
9160
33598
0
0
17750
22160
2843
0
0
0
0
12040
9995
0
0
0
0
6577
0
13004
0
2945
0
12859
4120
12491
3944
1932
7316
0
10591
0
0
0
1742
8977
6887
10874
2693
8662
5931
4700
12247
9114
0
0
6164
5806
8371
1760
0
3949
0
6293
0
24493
15799
481
18888
9286
0
0
230
4226
0
6864
0
512
12423
0
0
0
13980
0
5803
0
0
5005
0
1483
17372
2658
0
345
13790
22162
1468
9685
2560
1953
17027
2603
0
21243
2730
0
0
0
0
0
11617
2751
0
21945
15919
19900
19987
0
3904
288
2340
0
0
0
0
0
3013
7747
23082
8423
21711
12719
33196
0
0
573
14479
16526
0
0
0
0
212
0
0
0
4781
0
873
21608
37108
11353
13338
14888
6887
1780
69
0
0
10872
1619
5584
3359
0
4976
11580
0
0
24207
0
8286
29187
0
20368
0
2644
8671
4082
17362
35322
0
3130
11907
0
0
9916
8925
22226
19832
16782
0
22490
2918
6287
0
6043
845
7571
17533
8383
28290
0
8200
0
0
27177
0
0
1888
5953
19121
11304
18601
24261
13731
4988
24668
0
6893
0
6368
19473
24389
0
0
33131
0
4555
0
16333
11212
0
7592
0
0
25883
13216
11149
0
0
0
0
8594
16247
0
133
3132
8090
6756
0
4703
326
0
24798
28175
0
0
332
0
0
0
0
0
0
4231
7963
0
18639
0
7930
14501
0
0
0
9295
0
390
34
7752
10389
0
0
0
3734
5063
0
0
15564
0
4936
0
0
6086
9898
10693
3177
0
20151
0
3815
9841
0
21033
0
16734
0
0
0
125
7880
0
0
10538
39679
13632
6645
0
0
3783
0
0
18516
762
24559
6057
6182
506
15389
4845
14329
9119
4895
4230
2013
22137
25606
3868
15706
0
2188
0
33572
15404
15275
0
3657
0
620
0
6371
0
7507
0
0
5786
3883
14698
14678
5798
303
283
0
0
3996
8935
0
0
9324
13391
5446
0
10794
0
2936
5170
0
0
8292
14925
11332
20679
0
22947
22003
27708
0
13822
22877
12180
11930
0
0
0
4638
3077
35255
0
0
0
0
8040
22911
8689
0
0
0
0
0
0
7717
0
13224
0
8816
7354
25254
0
3582
0
16871
13014
0
0
13593
13483
14332
10934
13260

=== CHANNEL 10 ===
2520
7419
6209
4947
2740
0
0
12817
5842
0
0
0
8505
11221
0
0
0
0
17400
0
3437
0
21988
1368
0
0
9351
2230
0
0
0
6067
8696
0
0
0
0
0
23990
0
0
0
0
0
17582
0
8523
24499
701
0
0
3000
0
5566
11348
0
0
0
0
0
0
2806
0
9100
0
1590
0
0
0
1451
0
666
0
0
1947
1234
0
12229
1914
12584
11795
5164
0
4105
15654
0
0
0
4339
0
4292
0
0
0
0
0
1321
0
0
1025
0
0
0
7473
2214
825
0
7273
0
2460
1479
8301
4492
0
0
3535
4495
0
18446
0
0
0
14040
0
0
6069
0
8254
7255
12770
0
2820
14543
23184
0
6091
9690
14353
0
10134
4184
105
0
0
2249
14769
1876
0
0
0
0
0
0
19380
588
12548
22417
0
0
5078
5470
0
0
0
0
8274
22084
0
0
13089
0
8479
1639
3782
992
5136
659
4813
10910
0
0
4666
9368
5594
23
13472
0
4909
0
13078
10417
0
1855
0
0
0
11719
3465
0
7642
9227
10363
8298
14180
0
0
12380
0
0
3065
12032
0
4053
0
5095
0
0
3991
9591
574
0
2712
0
0
0
16305
14602
0
3511
6382
0
0
10627
13648
0
9173
8424
7350
0
1109
0
0
396
0
10902
6132
0
0
233
0
0
2646
0
0
4758
16437
8500
16581
7562
0
0
0
7644
0
0
3372
0
0
728
7804
2888
0
0
0
25938
371
2488
6167
0
190
5370
0
11647
1287
0
9519
0
25317
5680
0
0
14658
362
0
0
13434
0
827
3099
0
0
0
13927
8196
0
0
4420
4417
7846
0
12585
9941
25659
0
0
5495
0
4858
0
2337
0
1828
13206
0
4643
2185
8008
724
25279
0
0
0
7518
0
0
0
3528
4752
9230
740
540
0
0
2365
2744
0
4401
8073
4841
17525
0
13434
0
6441
0
8390
0
3715
5471
2187
1806
1151
0
2672
6922
0
1988
7460
14940
6509
0
619
12940
2291
0
0
6334
0
2153
13384
9917
0
0
0
11630
9650
6892
1984
501
7436
10956
1015
0
987
8269
0
11541
0
0
9366
1898
0
5146
6354
0
16987
0
0
0
2433
4318
9157
0
0
1309
0
3103
20109
8439
0
4668
9201
0
9476
13110
8907
3512
0
6838
0
0
5007
13687
2800
0
11126
12162
2702
0
0
0
0
3751
0
0
942
1951
16454
7071
7345
6657
7591
0
0
0
6169
5543
8470
9540
0
179
0
0
12130
19478
445
10831
0
0
0
0
3021
2132
0
0
6394
0
19076
0
0
0
0
0
14591
6715
1852
0
0
6862
0
0
0
0
0
6251
0
2172
0
28835
1956
163
8847
2068
8303
9548
9427
10958
1700
0
0
0
5731

=== CHANNEL 11 ===
0
0
0
814
0
5473
11096
9553
1093
6906
12800
0
11212
8277
12136
24285
15556
3519
8632
825
9654
10797
10097
0
0
0
7685
0
8744
0
5154
9429
15020
759
1875
16014
0
0
0
0
12299
0
3550
0
0
0
14167
35993
6556
3805
6218
0
0
348
0
9551
0
6454
18244
340
4756
0
12083
11313
0
4061
5027
0
5231
1750
6113
9339
7327
0
10705
11964
0
0
12316
4246
0
0
2361
0
0
0
18095
0
0
656
153
0
11738
0
21542
2108
10845
0
0
5419
0
0
0
0
0
0
0
17406
17047
19662
8990
9199
0
0
6899
0
0
7921
0
0
2906
2825
0
6794
5111
10256
0
0
0
21085
0
2704
0
0
0
8438
0
7079
0
5810
0
22332
3975
0
5952
7743
11823
0
11662
0
21485
18471
12601
17743
13688
4236
4708
1115
5503
0
5964
21991
6504
0
3653
23684
12910
2206
19301
35
1885
1010
0
8097
8916
0
0
3145
4215
6586
14
0
0
5247
7278
11308
0
16000
0
0
0
0
2901
8776
11178
1207
0
0
11814
7448
6216
0
3804
15282
0
13379
0
0
10039
5270
5959
9972
4168
0
10809
6002
8528
0
10956
15192
0
14006
11138
2215
3598
2389
0
6517
775
5297
20208
0
3984
6980
16347
6779
0
3183
6064
3351
4520
7297
4695
0
19865
0
883
0
5881
561
0
0
0
0
0
542
0
0
0
0
0
0
0
0
0
0
10578
4760
0
0
0
0
9490
0
191
2290
12392
3976
5998
2249
0
0
14620
3833
8304
0
6084
9604
13580
2529
11365
7299
0
13168
0
0
1249
2018
11506
7387
21802
8702
0
1005
5166
6717
3322
0
2651
0
14693
19145
2162
1244
11117
15020
4566
5753
6659
0
21215
21108
5017
0
0
10047
12433
8052
0
0
0
4918
0
4521
18549
0
16975
10647
0
15319
0
2531
0
0
0
0
919
7273
1177
20008
3734
2965
0
12728
0
0
0
17871
0
0
12304
10087
0
4590
0
8442
0
0
760
17487
0
0
10266
178
4726
3082
7137
3688
20292
3413
12863
0
0
956
4647
0
0
96
10473
6901
19
2866
1275
0
9508
6286
0
94
14044
1822
12193
0
0
0
0
13223
0
4143
699
0
5708
7114
5075
4114
0
0
15052
20431
2172
1852
623
0
0
0
16239
0
2497
0
836
0
2793
6665
0
11904
14201
5553
3365
20765
12235
4957
6101
6797
6135
9289
3643
0
0
0
12552
16827
5927
4663
9681
0
16821
0
2432
13741
5938
18134
0
0
6275
6120
0
0
884
0
0
8004
0
2644
7091
0
0
9762
13732
8317
10774
0
11931
0
9278
6867
0
0
10400
17732
8945
16918
16552
1899
4293
0
13551
0
3307
0
3575
0
10561
5354
0
0
0
10675
3632
2417
6218
0
0
6704

=== CHANNEL 12 ===
0
14187
4366
5006
5188
0
7273
17874
15666
0
4787
13685
0
0
7595
0
7291
0
0
1989
0
0
0
0
14557
0
8495
0
0
0
0
1679
10138
0
14646
0
0
7543
0
1250
14991
0
0
0
0
4200
0
20628
3668
0
0
2633
16350
13594
16742
0
0
0
11819
0
0
11186
1648
0
0
475
0
0
447
1846
18579
6857
0
28961
15820
0
0
4810
2719
12746
1078
0
1126
0
18484
6932
6494
8314
4594
0
5499
475
0
0
0
0
10984
28831
7561
8110
3262
0
2513
0
36914
0
6043
4942
2669
0
5507
7148
17731
9452
0
6786
0
7778
5828
238
0
0
23489
1059
14462
0
0
0
0
287
0
10542
10766
30536
7895
30317
0
5780
0
5798
0
0
2872
2169
0
0
0
8245
5559
0
0
0
0
14969
7318
0
0
0
3737
0
3966
0
0
0
3266
0
0
7106
0
3921
0
0
9440
1089
0
0
21934
1106
16430
0
0
0
18034
4120
0
0
15643
17635
7942
2373
23202
17114
10812
0
0
0
0
9037
12012
25319
3362
5596
2616
1663
0
0
0
0
0
5492
0
10888
0
5227
1848
0
0
0
5099
0
0
0
0
0
8284
2683
11095
16103
8369
0
5282
0
0
0
0
0
0
10125
14101
0
0
0
12589
0
0
667
0
0
15002
0
5907
0
1764
6177
0
26849
0
1468
22728
10508
11744
883
4627
0
7655
0
10803
0
0
0
18523
14188
5328
0
22038
1924
22791
13389
0
9232
0
169
6001
0
0
0
0
4967
0
0
6264
0
14305
0
0
13121
23977
0
8596
13279
0
0
0
0
34550
0
9378
0
5385
14841
5864
8424
1190
6878
0
0
6239
0
8099
11209
0
2538
0
4938
0
0
0
0
16634
0
7144
0
0
0
0
0
4046
17577
0
15611
0
0
0
0
2713
0
0
1215
0
5649
5397
21292
0
0
1159
0
2844
0
13953
4311
11939
10402
1937
0
4958
0
6434
0
12116
0
11081
22904
12740
0
12315
2989
0
0
0
3607
21299
0
0
15752
24003
3
4321
0
0
14664
5357
0
0
17179
0
19034
7543
16193
0
17445
5368
2798
679
6037
3910
13981
14988
15388
0
11528
0
0
27075
0
0
0
5851
0
14203
0
3532
5363
20472
5362
3270
5383
18295
4136
4130
547
0
319
0
7379
0
4218
13112
17226
10833
0
0
0
0
2481
1813
0
0
671
8106
4795
0
19402
8089
18386
1637
0
15799
0
11393
0
17106
10261
12360
22384
14549
13967
28293
13449
18415
4678
0
5789
0
10250
0
15010
0
13642
0
0
0
513
0
553
22626
0
7232
8006
0
0
0
0
0
1636
0
7478
3773
0
0
0
8064
21370
8442
19260
19039
22875
9602
7681
3881
0
3467
1028

=== CHANNEL 13 ===
0
0
11120
0
0
0
2889
0
6835
4690
14969
7109
6645
4899
0
0
14696
16687
1107
26295
0
0
0
0
0
0
11180
15346
11366
0
12829
0
258
135
2306
6510
14022
604
4016
16097
0
14556
0
20925
17355
10979
0
567
3590
9386
15701
20036
13220
9120
4088
1723
4617
0
2075
0
10214
567
12516
6108
23470
2048
1175
5008
878
8397
18623
8721
3064
0
4024
0
0
3674
9605
9189
385
11088
14484
2723
0
7643
1398
11659
0
12630
0
0
0
0
11173
0
0
23594
0
0
9738
0
0
0
3665
0
0
2028
1328
1857
20552
0
13881
0
19337
15449
9289
1972
5558
0
9410
0
0
0
8602
0
5139
0
13868
0
341
0
1527
7448
4797
16104
1645
1169
10322
14743
11249
0
18568
0
0
0
568
0
2233
18451
6826
10132
23557
0
20544
0
0
0
1969
0
0
12705
4049
14019
3768
0
0
2441
9081
0
3712
0
13419
0
6593
9983
0
0
7489
9216
8873
8422
1
0
6345
0
3873
0
0
7310
0
5728
0
0
6178
0
0
4169
4028
0
20612
9215
0
0
22188
6650
0
3029
0
10115
0
5081
15290
13901
0
0
0
5332
7503
0
18991
0
0
0
6403
0
0
0
0
0
15008
7732
0
0
33437
16408
11139
12278
2619
295
11151
12737
0
3733
0
12742
1340
8338
11622
0
0
6479
0
0
16544
0
10373
4581
0
9909
0
6188
2380
8050
11573
0
275
0
0
14012
2489
24073
2819
26633
0
1783
0
0
2031
29292
5608
6436
9298
0
0
0
561
0
12528
9194
7898
1477
2733
0
21173
0
0
13896
8444
5227
10453
8292
0
7726
7555
0
15706
0
11349
0
14904
13433
15133
18039
3517
0
0
0
6565
6080
9541
15845
3766
23864
18963
5525
8690
0
8231
3116
0
0
0
0
5489
1423
2435
10114
15490
14434
1723
0
0
5744
0
16565
12388
12103
10987
0
17202
7723
0
723
0
0
0
0
0
0
0
166
13717
0
0
0
21750
0
0
7008
5516
5652
3554
15252
3426
1912
3099
19619
23257
19083
17710
391
8967
9526
5046
0
875
6201
5069
4167
10216
0
0
3418
13427
1467
7389
261
4583
24530
6370
18805
0
0
1782
0
0
23879
0
18556
9382
1666
5076
0
2318
8882
10948
6290
0
5003
0
14917
0
7042
4039
2502
0
0
373
3595
0
4638
0
16676
8879
21907
4007
3063
0
5655
2682
17308
4671
7089
0
0
0
3968
0
3729
0
4375
5465
2325
0
0
0
0
4735
5403
5488
6248
9707
9638
4927
4150
0
0
3359
0
5869
0
5567
17804
2120
1343
0
3659
22035
6343
4280
3523
6961
0
7904
0
18801
0
20070
19833
4286
0
5928
0
21294
10867
1637
8959
3196
7776
0
12735
22298
942
0
0
3386
0
9432
5895
20363
3945

=== CHANNEL 14 ===
14494
0
22229
20928
0
0
0
0
0
2939
824
8011
0
1505
10775
0
0
5062
0
0
5135
11859
0
0
1938
0
0
13356
0
8963
19852
0
0
2296
851
20167
0
0
0
0
0
0
0
16602
0
19409
0
0
0
10707
3666
24430
0
0
4567
0
2286
0
4279
0
0
1942
13302
8284
10178
0
11078
0
11232
10071
11835
11495
0
0
0
0
0
0
0
14395
0
6107
17642
12994
0
0
0
0
0
10055
11565
4612
0
0
0
0
0
0
0
0
1537
0
9144
0
8337
0
0
0
10404
0
0
5715
0
0
1238
0
13114
18203
0
4589
8659
0
0
0
41
2379
7072
0
0
8236
12722
4045
0
0
0
17542
15362
0
19661
12017
9874
0
0
0
0
0
0
0
2807
0
0
8726
17624
0
8542
0
0
0
0
0
7737
0
0
0
9265
0
0
9717
0
0
0
0
14796
0
3528
0
0
0
0
195
0
0
0
0
9194
3152
9382
0
17144
4908
0
0
0
0
0
0
18085
0
0
0
0
20216
0
5464
0
0
0
0
2044
0
16737
1097
0
3147
0
0
7000
0
0
5980
29303
0
20420
0
2858
0
26919
0
0
0
0
0
0
3104
0
13637
0
22461
0
0
8477
1926
0
0
3869
0
0
17540
0
0
8120
0
13748
3196
6337
0
0
16943
0
0
0
0
0
0
19996
0
0
0
0
0
614
0
0
0
0
1465
0
0
0
3728
4412
9559
0
0
0
0
5117
1892
0
0
0
0
0
0
1287
0
0
0
0
0
0
6047
0
0
4625
2905
11292
7282
0
0
4875
0
0
12772
0
129
412
0
16572
0
0
0
0
18303
3517
3409
0
0
0
14365
0
921
0
0
6697
1746
0
4894
0
3622
20829
264
0
0
649
0
0
9009
22440
0
18758
9987
0
0
5557
3636
0
0
0
0
0
2115
0
0
20169
0
12562
4466
0
0
0
0
0
0
0
0
4850
3743
0
0
0
0
15951
0
565
5880
0
0
12979
1527
0
28141
0
8023
0
6843
0
3893
0
18957
0
10500
15452
0
0
0
10032
145
0
0
5080
0
0
0
0
0
0
7666
0
7656
0
0
0
0
0
91
0
0
0
0
0
10079
5159
3227
0
8463
0
0
0
0
0
0
0
0
0
0
0
0
14522
6353
0
0
4646
0
0
0
0
0
0
0
10344
0
0
0
13198
0
0
2329
0
0
16893
0
0
0
0
0
0
3873
2070
0
13743
0
0
0
0
0
1484
2265
0
5428
7400
0
13407
0
2323
633
0
6083
6305
5404
9695
3192
1067
15222
0
0
0
504
0
13689
0
2297

=== CHANNEL 15 ===
0
14300
0
7184
6918
9058
0
0
0
0
11190
5579
935
17521
6584
4973
7624
0
7619
6859
0
6547
7121
0
1712
0
30123
0
0
5348
19420
18118
804
0
14064
7462
14762
3355
188
0
0
0
0
0
30480
5804
0
0
26024
0
0
2118
3006
14608
22593
2725
230
0
6859
0
0
2057
0
16710
0
0
0
27952
0
12584
6147
1741
0
1721
14674
17263
5732
8181
22425
15455
0
0
0
0
14650
0
5604
0
0
14472
3960
0
0
81
0
433
13545
0
2038
15168
8561
0
14121
0
7912
1968
0
6921
0
0
0
20069
0
0
0
27031
0
0
16802
19747
0
25979
0
0
0
0
0
20088
15873
12573
0
15604
5745
3542
5044
9962
17858
11187
0
8161
0
13813
4451
0
0
1567
14211
7525
0
2174
0
14636
0
8653
9906
24871
15661
0
11227
5117
20390
3738
9441
0
0
0
9531
0
0
0
0
5022
10558
673
11011
0
7154
859
6070
0
1706
644
21029
10871
0
18902
6108
9562
12433
14756
1510
0
1032
11756
25850
11470
0
0
0
1306
34774
4351
1207
0
14595
8353
0
0
13312
30995
14658
4651
20651
25335
0
1662
1240
0
21332
12671
0
0
0
12352
0
0
0
14327
0
0
7118
4397
0
20360
0
1163
622
1929
15476
0
0
0
0
4911
10811
0
17688
0
13858
7466
0
0
2217
6326
2267
14654
10234
12323
0
13652
15010
8884
511
13011
0
11786
12561
1992
2334
0
0
0
12723
0
0
0
0
4785
0
18435
10976
12216
0
8692
9878
0
9101
17305
538
0
13942
0
13460
18092
0
9621
0
1614
0
4582
14224
230
2371
0
0
5741
0
0
0
0
0
0
19979
2385
0
6953
4043
0
11700
0
0
0
0
0
7093
0
11339
11998
0
0
0
5267
0
795
5684
2312
5599
13220
15233
15233
3535
0
2688
0
0
0
0
5683
0
12194
0
18619
0
29187
13760
6305
0
1750
6525
0
2541
10959
10252
6115
0
15232
3945
12652
0
0
2702
0
5085
0
16405
0
0
0
0
0
5549
20462
0
2358
7553
3946
5738
20728
16800
9573
8406
14400
0
7287
7382
10178
36705
0
3828
6435
10782
14730
0
3464
0
0
10918
9217
27624
0
0
1997
0
0
0
13295
6355
4125
8713
18047
0
0
4707
7093
15564
48777
24261
11469
11092
7564
0
10833
7841
766
0
2201
1944
0
1658
0
0
0
2673
0
2173
0
0
0
0
11206
4048
23169
23272
0
0
0
7892
0
0
1108
0
0
0
19310
2994
10742
0
0
13658
6044
15036
7302
1874
4182
27371
0
0
26459
28214
23127
6311
0
0
0
15760
0
0
5035
634
0
2226
0
2208
0
10759
1024
0
11483
0
781
0
7520
17914
9350
0
4324
1833
0
9552
25122
3393
12828

=============================================================
