=============================================================
DECODER OUTPUT D5 - PER CHANNEL DUMP
Format: Channel -> 512 Posisi
=============================================================

=== CHANNEL 0 ===
0
22370
22582
16814
3274
5781
0
8451
8807
7180
0
22669
0
0
18154
3510
4814
5379
4003
12910
25563
0
0
0
0
518
0
0
10440
221
0
5845
12508
7762
4058
0
0
6545
3854
0
0
0
3258
7180
5245
4301
10800
0
6469
11210
0
0
47048
5862
21462
23702
8426
1050
1811
0
26998
0
0
0
16652
2732
0
5327
0
0
0
5183
0
0
0
6754
27292
0
4733
2001
19818
23002
6675
0
23536
9165
0
1524
13334
3811
22885
8271
9866
8420
7599
18390
0
0
0
984
812
9900
8594
3706
19009
16859
3734
2510
10869
1373
0
11735
9993
0
14840
5047
10084
0
0
5195
0
2389
15214
24896
0
613
17961
5722
6845
0
8511
0
1701
690
18672
22652
0
2485
3018
0
8537
6461
11612
8683
0
0
0
11117
0
0
0
14054
0
0
0
16214
0
26069
0
31611
18216
0
3081
0
0
0
0
0
0
17381
24328
0
23402
0
12209
25913
0
0
502
18032
18267
0
883
0
5551
9612
24492
14043
20384
14652
1569
3052
21743
0
10617
0
15821
0
14581
6439
0
14197
30035
8496
0
14322
340
8001
3825
12034
0
6731
0
15339
8256
0
25327
0
0
0
0
2440
0
0
46411
0
19832
12965
0
0
1415
0
9328
944
9379
0
9758
0
25357
0
0
15874
4383
0
29731
0
0
7706
0
0
0
6106
0
18456
5792
30679
0
13899
1574
7065
12519
25608
0
10120
0
0
15611
0
11851
0
10003
0
11034
5163
3843
0
0
0
0
0
19275
10639
8511
12699
8746
7227
15409
64
40019
10653
0
5376
0
7188
0
1541
0
2666
0
0
0
4484
0
6613
0
0
2106
2764
0
9627
0
0
0
467
595
20202
16843
6207
0
2548
0
10793
18297
0
2153
10907
0
2246
0
274
10093
12358
10324
27934
18139
21226
0
22889
0
12197
3236
0
16214
755
0
10611
15926
19734
0
0
0
12839
0
0
2900
0
9980
0
0
805
27183
19342
14299
0
0
0
15423
2439
13882
0
150
5232
10543
9453
7765
0
0
1713
16690
198
14605
81
4230
18839
0
843
10496
0
0
5503
0
24117
0
11416
14314
6433
0
0
8144
5797
1535
14738
0
6311
0
0
2148
1643
25558
0
8242
0
0
11965
0
12545
0
21718
0
884
8398
4437
19630
9434
6312
8280
0
6276
19451
7121
21905
0
41195
986
0
12671
5850
14728
16791
29278
17286
2427
0
7681
20499
0
23711
27448
1718
15556
77
0
3113
0
8378
1195
0
8427
13997
0
971
1054
0
19459
3375
13653
14586
382
8786
29245
12481
5290
0
0
4589
16965
0
0
20880
12682
0
16722
8733
30197
0
23523
7700
88
5161
1636
11111
0
12020
9741
7264
0
5624
0
0
0
0
0
10313
11911
19166
0
3917
14934
16624
18313
16061
5838

=== CHANNEL 1 ===
0
0
11799
10910
0
0
0
0
12368
19249
3131
10163
0
0
3479
18547
2482
0
2929
6846
0
0
0
25229
2347
5623
30227
12428
8961
18466
14782
13281
0
0
0
4677
13441
14950
0
8350
1299
16512
7644
4420
15521
2834
0
3064
16689
0
17109
0
11206
0
19775
11299
6714
0
20387
3398
8648
5725
3880
8284
0
0
0
0
0
1821
0
12659
4477
0
11588
0
0
15737
1567
0
3254
12490
0
15521
0
23504
0
5265
0
172
10251
7597
8193
3230
509
6482
8812
0
26993
0
281
15726
23389
15557
0
0
1447
0
13874
2158
17705
23087
0
4050
5697
8148
7991
12005
0
4842
0
0
2898
14808
13790
0
0
7450
13823
0
0
0
0
2549
1323
3908
7375
2600
0
16479
9840
0
0
17454
0
4054
24573
17479
33126
11220
8923
8201
12819
0
10479
9176
0
8558
19371
9451
17894
3751
18225
20335
16548
0
0
0
23510
0
0
1567
0
20740
6362
4927
19970
6350
25160
12712
5364
19533
0
0
0
8981
1069
18235
14413
18375
981
0
0
16733
0
13246
11163
2058
0
0
0
13646
0
0
11880
17031
14071
6162
10326
0
0
9339
12053
8152
17225
0
3070
21357
0
21072
14111
161
16652
1847
5929
22939
14407
23700
27570
14576
0
1570
0
1278
10963
25872
18188
8362
10945
15624
10914
8373
4199
27938
12155
27996
14369
0
0
2277
0
0
0
0
1497
0
14153
15114
0
10250
14921
23102
31645
0
0
11741
2631
0
0
3303
0
0
7373
30644
15980
0
9389
10101
0
5302
2099
0
0
2899
25134
16650
12857
16093
12348
14547
0
0
12935
2470
11709
0
1242
3785
0
11097
11077
2126
12671
0
6472
0
7242
2697
11186
4916
12202
27565
4012
0
2844
8757
15121
4555
13106
28272
14631
1977
13618
0
7220
19784
18736
10352
8950
5619
0
6951
5530
20046
20875
0
22563
2873
0
20335
3480
14208
754
4068
9699
0
0
3987
19396
120
9945
27976
1208
0
6182
0
15349
2523
0
0
7101
0
30926
0
6329
22520
5345
0
1657
5464
25758
0
11168
0
1442
7803
0
12950
0
0
0
0
846
1223
0
9700
0
0
9841
5044
19479
11599
1284
14686
5616
0
3580
1074
0
8323
13586
0
0
0
12833
14545
27672
22345
0
5207
0
0
0
3385
4059
8540
11479
8610
19918
16070
10439
0
18623
26044
4610
10009
0
11419
0
16674
14044
21984
27559
15609
8228
26429
13584
4807
1715
21362
3063
18994
17742
6818
5103
10562
14170
18570
0
0
15081
47
21668
21547
16727
11679
29014
20685
4110
0
8155
7309
0
0
0
14821
0
0
0
6083
0
2609
0
3412
6972
12505
6938
6547
12409
0
952
0
0
4192
603
5032
12938
23766
0
13823
11753
7774
515
26607
714
0
0
17418
0
1657
7038
20023
23444
13366
19325
3179
2006
12317
2922
0
652
12287

=== CHANNEL 2 ===
0
0
0
9401
7900
0
0
98
0
11264
8250
13665
4892
0
0
10739
0
9160
0
7775
10464
7064
0
29171
910
2737
9339
803
3724
13107
21573
7644
10189
0
0
0
1963
17826
11554
5025
0
0
0
10799
0
0
676
5022
0
0
12310
0
3903
4079
19981
1379
27042
0
3649
0
0
3119
418
0
0
10801
0
12243
0
0
0
0
0
0
0
13341
1259
15639
0
15750
0
2654
2017
0
0
6857
0
399
0
5088
4485
6487
18689
11592
0
17058
0
2338
0
0
5074
1355
3206
18158
0
0
0
5833
9442
1775
26874
0
16151
15933
0
0
0
19198
759
40
10413
0
0
0
23571
10011
15575
0
0
1376
0
9356
8371
0
199
0
0
12345
1748
0
0
0
13553
2358
8256
977
0
0
21822
4300
17790
0
0
0
0
10731
934
0
3436
0
14360
5923
10724
16863
1163
0
0
8420
6752
0
0
0
6470
9934
11203
0
1094
0
17359
0
1328
5088
5
11485
18505
19359
14160
0
16186
7837
9480
0
0
0
0
0
0
5447
0
0
12735
2907
1117
0
3727
0
13458
13259
3417
0
0
0
0
0
0
6564
0
14492
0
1402
9059
0
7813
0
14333
12541
12412
15765
21821
27802
1727
30260
1592
0
10250
0
14103
13036
0
0
0
0
11193
0
0
15890
7935
0
5141
12526
0
0
0
2515
2956
0
0
7877
0
0
0
0
18326
0
2319
11256
0
0
0
8658
0
9536
1761
7318
0
6301
0
11842
0
5810
0
153
0
0
664
0
0
5461
14499
4625
0
2632
0
0
0
0
0
4955
10395
1415
6673
3811
19651
0
0
0
0
11040
0
210
7777
0
2882
0
6180
10956
22924
0
14910
0
2761
0
1474
12493
8425
5385
7923
0
0
5231
0
9569
8330
1288
19243
0
15250
14304
0
12131
4338
0
15969
6412
29395
6070
12022
12574
20879
8804
0
15709
26283
0
11669
12134
7455
4418
0
10797
4666
13318
13996
3724
10955
23042
7469
0
4867
0
0
0
0
902
1689
0
0
22230
0
13671
287
0
0
8223
0
14903
15383
0
0
0
2112
15005
5558
4987
5510
1007
1967
0
0
2490
0
0
0
0
4958
0
0
19090
0
25747
0
19297
5549
2496
0
10238
5937
2841
17379
11399
2767
0
14836
8240
9511
18333
20746
6976
0
0
0
0
2990
4256
9103
0
12260
0
17850
4406
2461
0
0
0
0
0
0
0
13144
7467
11295
0
7417
9791
7481
0
0
0
6150
13815
14818
12971
1198
1614
1849
0
0
7853
3675
31576
7565
16801
2423
0
0
0
2682
4008
15898
0
0
12304
0
1448
0
559
2500
13137
0
1514
0
12602
0
7154
15972
13613
0
8894
8755
6549
11152
0
1367
0
774
0
0
8782
0
0
0
0

=== CHANNEL 3 ===
0
0
0
0
0
0
0
0
0
0
5949
19500
7601
7828
0
0
0
1767
0
0
0
0
23037
0
2667
32351
0
3256
0
5483
12287
0
0
382
0
10580
0
800
14221
0
15094
0
0
14338
0
0
0
3287
0
17958
0
7166
0
10514
0
0
17555
1550
0
0
0
0
0
0
0
0
4767
0
0
0
0
7558
0
4427
0
0
0
0
7436
769
0
0
2344
0
7589
0
0
0
0
0
1284
0
4030
0
0
10020
0
8319
1270
0
0
0
9401
4734
0
6163
873
3639
0
0
0
0
5149
0
1834
6733
5110
1396
0
0
0
0
2929
0
15071
0
22602
0
1286
0
0
0
3093
0
0
0
8719
0
0
20007
1256
9189
15761
5072
4267
1590
0
0
17832
0
0
26646
0
0
0
4105
13738
0
0
0
0
5880
0
0
0
0
4586
2277
0
0
2984
0
0
16190
0
0
0
0
11059
0
0
0
2043
0
7495
0
0
0
23261
32535
10568
0
9567
9464
0
0
0
0
4821
647
11023
7974
6059
0
0
0
0
0
0
14108
18744
11241
0
13589
0
0
0
0
0
2624
0
0
0
0
0
25927
0
7905
0
0
3870
3511
9339
0
14303
0
0
6653
0
0
7515
597
0
7816
0
13575
5188
0
0
0
0
0
0
0
0
0
0
6821
0
13423
6046
0
8128
0
0
0
0
17155
0
4240
0
2885
0
3809
8684
0
2843
2281
0
21102
6632
15854
4774
0
0
0
0
0
18995
13426
0
0
0
0
0
0
0
0
0
556
22815
0
16308
0
15095
0
0
1846
347
17558
8017
0
0
16017
0
22899
12838
0
13059
0
0
0
0
0
0
725
0
0
0
0
0
27235
10330
9701
126
0
4300
12959
0
1294
21891
21932
24944
0
4337
0
10518
9394
11910
1360
0
0
113
0
10293
0
0
0
0
0
0
0
0
0
6121
11667
0
0
0
0
0
0
0
0
13567
0
13806
4666
0
9075
0
5573
0
0
0
0
20795
4581
0
0
0
0
0
0
0
0
0
0
0
9683
0
0
0
0
0
0
0
0
0
4962
3636
22655
10742
0
0
0
0
260
150
0
0
9540
14188
9330
5071
0
6409
6398
5960
0
8457
0
0
0
13218
0
0
0
16593
21884
20540
0
0
0
0
0
3904
0
0
9409
18204
28447
0
0
0
0
0
0
0
0
0
0
0
0
0
0
31219
0
4361
2782
18884
0
28794
0
15491
0
1642
0
23568
1572
0
0
14678
0
0
10594
0
20637
4963
0
0
26016
0
0
30715
7146
4575
0
0
0
8424
10446
0
0
0
0
0
0
0
0
0
0

=== CHANNEL 4 ===
0
5723
5221
0
0
0
0
5804
4936
376
10887
0
7395
15
9529
0
7221
0
7838
0
3311
0
0
3044
1133
13073
0
0
2318
0
19994
4938
8863
4696
10298
9302
14020
0
5163
0
10011
0
7840
8652
18448
0
0
0
3984
4329
11485
5446
15279
10541
15607
4
4553
17309
8083
0
0
0
15894
2477
17704
0
2970
0
0
3750
0
1582
2956
13023
12928
17442
0
0
0
28516
21447
1767
0
0
0
0
0
0
0
0
6220
6712
0
11907
0
13811
3450
0
5631
8517
0
0
0
0
0
0
4629
24429
10393
4177
5546
0
1396
10584
1332
0
9112
0
0
0
3337
12654
7694
257
4042
18417
0
0
2637
0
0
17672
5763
13318
19876
0
0
10425
6700
0
12721
9719
9061
8484
5746
9260
286
8136
0
26719
0
0
10237
2831
0
185
9806
18413
13487
13278
5345
19354
0
4660
0
0
3674
11394
12662
6858
13224
8012
10707
0
18086
10259
0
11339
0
11753
15386
1510
7648
6662
0
239
3687
12704
4345
0
3573
0
4622
0
4431
1207
0
0
3419
5588
10124
0
16454
2923
6122
27259
0
23620
1936
0
13497
9315
5251
3905
0
0
0
2316
2792
140
13055
6937
0
12209
11190
0
5264
5946
11046
7862
0
4335
10347
0
0
0
15048
0
3568
512
8829
11263
8239
2026
1285
0
3087
10906
3775
7986
0
3861
0
3002
7468
17428
0
10071
10652
11126
11389
0
12024
0
0
3347
5946
3571
4080
0
0
15667
0
0
2334
0
0
10769
12084
9566
14263
6975
12242
10206
1488
16747
8026
11799
1708
7662
6215
5807
0
0
0
29503
2292
3609
3856
4177
6537
0
5481
8432
0
17226
6786
0
11606
1081
9980
0
3795
7733
10094
16733
476
10848
12653
12262
2146
827
0
14793
0
69
16060
0
0
0
0
23224
8939
16282
0
23048
3584
6663
4164
0
5714
991
3750
12259
22043
15766
8514
25708
7977
16056
0
0
11175
12191
4164
9205
0
0
0
31240
13819
0
406
3975
0
0
0
0
0
6928
7433
22070
6559
3495
23803
0
1999
11926
11089
0
7949
16299
9756
3468
0
17240
9601
10695
5675
913
10896
6514
0
21439
8053
9610
0
18370
19990
0
720
22785
6791
3186
0
27964
0
0
10679
0
0
3422
6278
2781
0
4800
12159
0
10988
14672
1782
1704
0
13250
5497
10865
13585
2121
8710
0
21466
0
0
0
789
0
2165
10059
7509
0
21593
0
6623
0
13969
4244
1045
0
0
2422
13473
7660
0
26651
4238
11399
0
4927
13208
16391
4884
0
142
10506
421
0
8518
10824
13819
13350
13410
0
6394
0
5817
0
0
8922
16852
26178
2359
11117
4438
6032
0
12051
6649
0
4762
8201
0
0
22167
0
4287
0
0
5491
8661
15868
0
0
3511
0
8154
12765
0
6959
17018
15478
520
1352

=== CHANNEL 5 ===
5167
12217
0
0
9974
7043
0
0
1016
0
8468
0
6004
23442
10037
0
13795
5895
20232
0
0
0
0
0
15308
9516
15472
10565
0
19639
6057
8511
2860
2904
0
5678
2341
6362
3067
18076
16865
9341
20126
0
16501
5689
0
4436
12273
20978
19939
17373
16027
18393
0
0
31643
17258
11200
0
897
0
6876
12658
0
0
0
0
12341
0
13226
4804
18873
8127
11953
20563
5698
0
35792
15693
6110
10706
13095
16822
9601
10273
9822
0
0
14753
0
0
489
0
0
4336
14886
5689
15533
38786
0
752
0
0
13308
44
23663
0
9450
13568
5285
12023
0
21847
14057
0
6793
0
5999
0
9224
6177
0
0
9171
0
5085
4788
13584
0
7413
0
28756
11836
0
8142
5040
0
25628
2789
0
17956
0
11947
6803
32447
5547
26404
10245
15670
3037
18849
15939
24637
12115
0
19294
35992
10486
6429
0
0
0
10893
2537
14455
9113
19086
23867
6248
2144
0
0
11019
7254
0
982
1436
0
15003
0
1537
0
0
2445
4186
21067
0
0
0
27129
0
314
22696
4959
26151
9410
316
687
0
0
3160
0
25679
5074
9613
1003
15747
14384
5399
16346
10201
24384
17861
9717
6531
1468
2127
1365
20512
3309
31479
2548
23246
1504
29843
16270
22308
8400
0
0
17747
6170
0
6753
36473
0
17028
0
13188
5326
23519
0
31874
0
13676
10236
0
0
0
0
0
3101
0
21261
3867
8078
0
2342
26785
5958
0
0
0
0
0
2543
3558
15254
19877
0
14851
11879
10297
8993
0
19720
1549
0
13384
2997
23728
11916
1243
0
6299
0
13714
0
5280
0
8928
0
0
980
0
5462
19059
0
0
0
20605
10789
10541
11575
0
0
11624
7665
686
9382
0
15452
8829
0
7317
2347
29203
6367
17756
936
1612
935
7389
19910
5420
13523
0
0
0
0
0
15704
4644
0
7916
6669
20182
9134
0
0
24537
10379
7479
7362
10937
0
11618
2783
17122
0
12916
6845
13075
0
11756
0
1198
17362
30402
1930
0
11816
9312
0
19742
14483
9139
3642
17490
16799
9568
0
0
1869
0
6908
952
9288
0
13104
0
19003
2050
15146
3407
2429
10199
17026
8256
0
0
31742
16135
21644
9087
871
14950
19731
2558
16031
18818
4948
4402
1688
37710
0
0
0
4259
0
0
9444
0
30044
0
5443
1982
12963
11541
0
0
9112
0
0
4231
7940
21088
17186
15317
10550
0
0
0
9484
0
0
0
9149
1888
14309
0
22151
5763
2584
8001
0
1552
8778
0
9400
27816
31238
32768
7492
11918
21704
0
1872
16359
0
1768
0
7589
5223
0
5720
0
5877
0
4533
0
24849
5973
5146
0
23811
6343
275
0
14176
0
5231
3516
11327
9240
0
123
0
0
4286
1001
17838
10174
4031
3378
9770
28019
0
11823
3273
13387
16256
12505
2728
491
0
5436
9707
1606
0
11737

=== CHANNEL 6 ===
0
0
952
25629
0
7335
0
0
0
2669
2341
9544
11799
944
2468
1375
0
1896
0
0
3100
4222
10888
0
0
0
0
143
2979
0
1873
0
0
10419
9364
0
10672
0
0
0
1236
0
0
0
0
2818
0
0
21595
0
0
0
0
0
0
43
0
6178
0
0
0
0
16650
0
0
0
13793
7284
19634
0
0
0
0
6869
7809
266
11057
0
11582
0
17141
0
3299
2036
0
0
0
6823
0
0
0
10728
1263
3076
0
21949
11716
5402
4963
8793
4247
0
0
5173
0
14880
17670
0
3362
0
0
0
0
0
0
0
10521
0
0
0
7260
12145
0
0
0
0
0
976
23572
0
0
11907
14884
0
0
4641
0
0
2059
4706
6225
1344
22891
0
5010
0
0
0
0
0
0
0
0
3178
0
0
0
0
8694
0
0
9056
0
0
0
0
2898
0
6226
0
0
673
11017
7640
6496
1984
6573
0
0
0
2470
0
11857
0
0
15080
0
0
7704
10239
0
0
7638
0
0
0
0
0
13740
9932
9697
0
0
0
0
9164
11337
467
0
0
0
0
0
732
0
0
6363
0
0
0
0
1985
0
0
0
0
0
314
0
3934
22601
12369
25858
0
0
0
9402
1872
0
0
13977
0
0
0
0
8241
0
0
4309
8510
1331
3149
1987
10914
0
12851
2519
7720
12815
4567
98
0
0
12105
8922
0
4030
0
4659
0
0
0
0
0
0
13485
0
10355
8373
0
0
284
15097
0
0
0
3836
3426
8072
0
125
8452
0
18661
6014
6251
0
0
0
10587
0
11341
0
2893
0
0
0
0
11907
0
9509
0
0
0
0
3872
8474
0
0
0
548
0
0
0
0
0
1099
0
0
0
0
9191
0
4130
0
2589
0
12699
5753
0
4428
0
0
0
0
17569
0
8833
0
5897
10870
0
0
0
0
4029
3989
7688
0
4976
3099
8485
0
0
0
1823
0
0
0
0
0
0
0
0
30221
0
0
8307
18039
0
12581
3745
0
0
14749
10526
12180
12867
3998
0
1287
0
0
10352
42
0
0
0
672
0
15092
0
5123
0
0
0
0
0
3812
2352
14184
11619
0
9046
0
3333
11266
4909
0
1465
0
0
0
8966
9301
2392
6313
0
0
0
6318
568
0
7195
0
0
0
0
0
0
0
0
1192
0
0
0
11483
0
0
0
240
0
0
14209
0
7761
0
606
0
0
0
0
0
0
1535
0
1420
11514
4031
17835
13772
11805
20296
11372
11167
6442
15995
0
0
5362
2607
729
10447
0
0
0
3164
0
3821
7120
0
9850
4689
2722
0
0
0
0
6888
0
0
0
0
0
0
8708
0
0
0
4199
0
0

=== CHANNEL 7 ===
8164
0
6628
7515
0
5348
0
0
9546
3092
0
0
0
0
5486
14462
9370
2889
0
0
0
7839
0
1966
26851
7303
0
0
0
20177
0
1627
0
0
9980
10984
12896
2730
0
6643
1373
3344
0
1770
0
275
0
35
6532
5236
0
0
5721
4650
10210
0
0
8275
8019
0
0
7091
0
0
0
0
0
9551
9513
0
22885
14032
521
2078
6343
2258
0
9243
0
308
18407
0
1052
14854
0
12632
0
2270
0
58
8466
0
5233
0
4225
0
8436
1048
0
16012
15033
19241
0
11538
0
1215
0
10726
3037
10087
1308
0
212
10323
0
0
1675
2782
0
4757
0
0
17941
0
0
0
1468
0
921
7169
0
0
10925
0
0
6098
0
0
9636
11553
0
10601
0
0
19750
18328
0
1046
0
1923
18852
0
4860
6197
24946
0
0
0
1
0
0
759
4115
3759
12227
0
0
26386
0
0
7108
13346
0
0
0
0
0
7784
4628
0
5916
0
0
0
0
8563
0
0
0
3117
0
0
1857
9106
0
1381
4199
20130
0
0
6923
2690
0
0
0
0
759
0
2590
0
0
0
6933
1466
0
4718
0
2219
5576
19953
1264
0
0
422
6722
17403
0
9672
0
0
0
0
0
2833
0
4230
5918
0
1080
11233
12533
0
0
7226
0
12930
0
0
0
8858
3798
1338
0
5701
24117
0
0
0
9744
0
0
25336
0
13171
0
1521
9413
1205
0
16597
4296
0
5577
0
0
8950
0
659
1538
0
0
0
7587
0
9528
894
0
0
0
18833
0
0
6260
14560
0
0
10013
4210
6587
3310
855
0
0
0
5088
505
4344
13323
9765
1851
0
11488
0
0
0
1593
0
4111
10380
2058
8892
2040
0
0
3815
3022
0
0
0
11427
0
0
5486
0
0
459
9491
0
0
0
0
0
0
2032
2231
10203
2718
0
0
11421
0
0
0
0
8631
0
1539
0
0
0
11822
8637
5981
0
10591
0
0
0
0
0
5838
0
11367
0
4455
6008
12007
16596
0
6758
0
0
17283
0
0
0
5711
0
307
4159
16414
10312
6407
0
0
0
0
12956
20073
0
1114
0
17748
5468
14964
12284
15
0
7503
11173
0
0
1989
6521
0
0
3149
2848
0
12690
4072
0
0
0
0
0
0
19793
0
0
0
0
0
0
0
0
0
0
1801
0
5911
14082
10066
1261
4725
7824
14570
0
0
18149
7136
7139
0
0
0
3140
0
0
0
7738
2133
4133
952
0
4082
0
0
0
0
7164
0
0
0
0
0
20646
4077
0
2215
6718
9113
4026
0
1199
6120
0
0
0
0
0
0
0
0
1856
0
0
0
5040
0
4479
12904
8972
0
0
0
2794
0
9131
27041
9190
6824
0

=== CHANNEL 8 ===
15606
0
0
0
4165
8554
9167
0
0
0
0
0
8855
2865
0
12087
10379
7250
2286
0
12460
0
5684
0
14462
20343
2372
667
0
1564
18028
0
2103
0
143
0
0
7776
5033
0
8971
0
0
17170
0
0
0
0
0
0
427
1141
845
10995
0
0
0
0
4048
0
9095
0
0
12463
18070
0
2920
8222
14344
0
2916
6421
0
22332
1196
4703
10716
17109
13646
19302
0
0
4019
0
7422
0
2232
0
10226
0
0
0
0
15127
7480
0
463
15252
13673
22491
0
0
9065
0
15604
0
12476
10181
10019
0
0
0
0
3808
0
6112
0
0
16681
188
8937
6248
0
0
0
3933
19850
0
5587
8058
24135
0
0
5058
10449
9247
1415
0
6954
0
9573
14121
5242
10412
0
0
0
14870
0
0
0
2879
0
0
0
0
10559
10993
2790
7418
0
0
0
0
0
0
0
24239
11978
15172
2097
0
10052
423
0
0
0
4320
4829
6001
0
0
0
0
14976
15112
9879
5822
0
12183
4115
0
0
0
1638
6841
7938
0
7513
2884
623
18412
8438
0
0
8719
0
15375
0
0
0
1496
0
0
0
0
12308
0
0
564
1972
2387
0
0
0
0
2996
0
0
3886
448
12013
11413
19261
11068
0
0
0
12704
0
0
7644
0
9487
0
0
0
0
0
13570
10619
0
0
270
0
0
0
0
24224
0
0
2834
14998
5023
0
454
0
0
12177
0
0
0
0
0
0
0
0
3834
11095
5468
23793
28889
0
5414
0
20427
8938
0
2456
9654
11426
0
0
3140
6530
8037
11104
0
0
0
0
0
0
5795
0
0
2856
21600
0
0
271
6509
14135
18241
0
7173
0
2433
4686
16039
0
0
0
0
0
11965
6476
0
0
0
3352
12681
968
20562
0
5390
0
0
0
0
0
1034
0
46
0
0
0
2222
0
21522
718
0
1960
7923
4085
0
0
3372
192
1695
0
0
7492
0
0
2571
0
20526
11512
2849
0
17582
0
14101
3378
0
11803
0
15248
2269
14571
19683
1679
0
1525
14044
0
2256
14777
0
0
0
0
0
12010
18252
5764
13853
4775
8445
6927
1526
0
14
0
0
0
0
7592
0
5425
0
0
4096
5822
0
5367
12349
5167
0
0
0
0
10092
10361
21426
7579
875
3621
0
0
0
0
0
0
1171
4383
0
0
8840
0
0
0
8212
0
0
0
10559
6930
23332
8701
1523
0
0
0
0
7129
10065
0
0
0
0
0
0
8157
0
9317
8282
20687
6656
0
0
11008
0
0
1406
7438
4488
0
0
0
13932
8561
0
7986
0
0
0
422
0
15922
0
0
0
0
7748
14718
0
5612
0
0
0
10876
0
0
433
7726
9600
0
5575
1106
0

=== CHANNEL 9 ===
4318
27344
5076
0
0
31988
23187
12644
15808
196
9739
3600
0
0
27976
9797
17683
0
0
0
0
0
24205
0
5934
12507
5311
2349
0
0
0
1699
1683
11285
0
8627
14786
1044
8189
0
0
18665
15323
8940
0
4565
0
0
31137
12949
0
28564
7050
3264
0
0
5624
0
0
36984
0
0
148
0
0
0
0
0
9276
0
22926
18077
8094
3121
15758
0
10643
11587
0
0
0
6433
0
9089
13163
5274
0
4465
0
1244
0
20269
9092
0
0
0
0
4487
0
16698
23370
24631
0
7405
0
0
0
0
15597
0
2281
0
0
1673
6296
0
0
0
6013
10608
20630
4799
12275
0
0
0
2670
0
0
0
16302
0
3818
11898
724
0
3201
0
3446
0
9564
11625
7284
9080
14461
4561
0
13964
0
19736
0
27986
10028
9324
0
0
0
11880
1159
26012
20621
21003
24103
11605
19982
1448
13361
8925
0
12357
0
0
0
14525
20208
1620
6594
10777
0
9509
0
0
0
0
5876
0
0
2197
0
10379
0
29212
0
0
0
8059
13272
2546
8770
0
0
19266
8743
5509
2692
12428
10645
0
13125
9712
13865
0
0
2932
0
0
7805
1048
6176
3791
14310
14216
0
10521
6861
26151
12195
7160
11818
0
1845
0
0
28530
0
10942
0
29714
12577
10747
15324
949
0
22422
4914
0
9074
11792
28978
6276
12215
7742
0
13035
0
0
4186
0
9429
7687
24407
43388
0
0
0
0
4278
3195
3590
10143
4378
1968
7142
7799
5619
1880
13686
0
15491
0
3841
6933
18874
22787
11697
12906
0
0
0
0
0
17153
11827
8992
10072
3294
17100
4810
10930
7000
0
0
945
19281
1409
12317
11330
0
0
21752
0
7983
0
28412
12187
0
1915
23841
10236
9395
0
18416
0
0
23892
12320
1771
4029
11837
1726
13554
0
5435
0
0
0
0
17155
0
12224
6980
1165
0
0
32833
0
9118
0
0
1439
4258
20998
5471
16446
0
10754
0
16057
11358
23170
22826
16068
30195
0
25337
3930
12022
20303
5958
16792
14414
29713
11632
16514
10849
344
14937
0
4915
0
0
25174
28360
0
0
0
0
0
9889
14818
13069
6674
2944
0
9165
8471
0
13771
6779
11946
0
0
16956
28169
6569
6889
0
4375
16471
0
0
0
33808
0
0
0
0
0
0
0
19068
5871
3388
0
12315
0
0
0
0
30825
0
10094
0
12143
15780
10463
0
0
4547
13767
25697
9563
22893
785
10864
8833
18641
18328
0
0
0
4796
10926
0
4674
15426
7650
22766
3156
11121
10916
0
11514
0
6283
0
0
0
0
0
2946
0
0
14657
0
13828
3219
0
0
874
0
0
5146
0
0
0
4028
7029
668
0
0
0
11779
13295
13849
4975
1046
0
5632
22987
141
12964
0
21708
7396
11985
5788
5991
0
14823
0
2499

=== CHANNEL 10 ===
2190
8967
7995
6062
0
3728
0
6359
14998
0
3045
0
0
8411
10617
0
0
12665
0
2617
0
2520
0
7295
0
0
8623
4754
0
3531
0
1396
2838
0
0
0
10129
0
0
22763
11910
1583
0
0
0
0
0
8624
7898
0
0
0
12007
0
16534
2721
0
0
0
8385
0
2409
3404
15122
6093
0
0
3726
0
13270
0
0
0
3786
9792
0
0
10604
0
0
12428
17752
7682
12501
10699
21441
0
1223
6208
0
0
8465
16270
0
0
10482
19756
0
0
0
3216
0
0
10824
0
15337
0
4539
0
0
4099
0
0
1802
2901
0
0
5191
0
11304
8658
15507
22788
0
0
26572
3236
0
0
3442
0
6369
19398
0
0
10787
0
18480
0
102
0
0
0
0
10343
0
4542
0
0
3518
1162
0
13103
3727
14084
5167
0
0
0
0
11496
7634
23235
7102
0
9031
0
93
0
21253
15526
11188
2617
5293
5178
881
0
0
3144
723
15922
12341
1284
190
0
8087
7175
5231
0
0
0
21985
2659
0
0
206
11681
6664
12360
0
0
8758
8449
8101
9440
1682
8815
1968
13381
3444
0
0
17157
5955
0
0
0
14697
3900
2719
1036
0
9789
0
0
1223
0
1204
11604
2170
1508
15159
779
0
0
0
2771
5784
16312
0
10236
0
0
0
0
0
452
8754
0
0
0
1133
0
4246
4485
643
3270
1890
19493
10416
0
0
0
2736
0
0
957
18405
10205
0
7950
2531
3778
1029
0
0
8848
22754
0
0
3621
0
6256
0
263
0
14163
0
0
133
0
0
10841
4367
7993
0
0
12683
4355
0
7699
5671
0
2167
16748
0
0
0
273
0
0
1156
0
0
0
960
20935
4807
19300
0
0
179
0
8763
0
0
0
0
0
8091
8260
0
0
2562
0
0
724
4078
12636
1245
0
5349
0
0
14201
6673
5156
0
0
10054
0
399
10571
8333
0
16950
4555
3368
3553
4345
7846
0
0
8209
3031
3372
841
12934
477
0
1783
0
3358
7787
0
17473
0
3783
0
4524
0
0
6346
9648
0
0
2372
4037
0
0
4127
0
12135
15152
10767
14605
0
4862
0
9344
8591
0
3330
0
0
0
15042
19087
0
10213
0
0
8525
0
0
940
9840
0
0
0
14042
0
0
14908
8030
0
5349
9904
0
8335
988
1394
6442
1587
1661
0
5503
0
0
0
0
1615
8777
0
0
0
0
0
0
0
0
0
0
4174
24025
11166
0
4344
0
0
0
0
8636
9708
0
10268
0
0
378
7475
10618
15425
10090
0
92
6806
6335
0
0
2998
10619
0
5290
0
0
0
0
2260
0
1128
0
5936
33145
13894
0
4589
0
2381
1013
18302
11684
11715
7233
0
1017
0
0
17083
29295
14491
134
3360

=== CHANNEL 11 ===
2626
7459
0
7170
0
0
0
0
0
0
0
0
0
4813
0
4854
0
0
388
15623
16388
2723
11599
7639
2986
4772
3364
2727
14187
7544
18961
12988
0
6729
0
705
15636
2195
11028
4490
2473
3632
0
14413
0
0
6896
16114
0
0
13992
402
6142
0
13772
2436
5998
0
0
0
10001
0
0
30103
0
8275
0
13884
4822
8651
8070
0
0
50
0
15691
13074
724
0
3184
0
0
4449
0
0
0
10488
5031
4071
0
4192
16091
0
0
0
8734
0
4212
0
2812
24594
771
10734
2227
5770
8397
0
0
8899
4565
29350
15607
11068
0
1341
5043
3530
0
0
2854
0
0
0
0
7279
24031
13589
23654
0
5246
6124
23467
7078
0
0
430
0
19586
0
9304
0
0
12199
17265
17513
0
16823
0
15908
6490
2890
11041
7625
0
252
4070
0
4994
0
0
9906
0
12185
2290
0
12038
734
0
1002
3414
0
7480
0
6225
1910
104
2704
0
14780
0
0
0
0
11232
10774
1205
1694
3351
6743
0
588
8146
0
0
6108
5339
3632
4840
0
0
0
8800
11829
0
0
7850
3875
0
5314
6479
30236
14442
0
0
0
12046
4069
0
0
9657
5016
0
6728
0
11965
12080
23365
0
2284
18226
0
7853
0
3248
16392
0
4078
18396
0
4211
0
0
18071
12709
17609
0
6675
16378
12367
1738
2386
0
0
0
0
7671
0
313
0
7245
5800
0
11970
3364
1718
0
0
0
0
0
0
5737
3438
14582
11674
2057
0
17857
6562
9965
0
3821
0
0
15095
0
0
17466
7574
0
2361
5786
0
5543
0
0
0
172
12845
0
0
6286
5862
2314
0
0
9570
8344
1162
0
0
2282
10988
0
4563
4970
849
0
12378
2243
2967
0
5070
0
14845
0
12122
0
0
7647
2232
10549
12147
0
25974
5249
23031
454
7646
9321
0
0
20672
2831
7079
13713
15645
0
7280
0
6644
5725
7865
0
4452
9520
0
5658
5077
0
6050
0
344
19390
9249
6871
4608
0
1686
1461
0
0
8359
7558
0
9453
0
11225
0
6012
2244
13731
16881
15534
0
9015
2375
2339
13234
0
560
0
0
2906
552
0
3416
0
0
14950
366
0
0
2035
8100
0
0
30410
0
20720
0
13871
18946
0
5017
2386
0
0
4264
0
0
0
16751
15960
3126
3017
2262
0
5017
3056
0
0
0
0
4055
0
5828
0
15020
1530
0
0
0
7429
0
0
0
4905
6490
0
0
0
24739
0
9293
6765
8230
1095
0
0
2148
0
1157
9553
7122
12498
0
6100
0
5308
3692
11165
0
0
0
7477
0
11734
0
5690
0
19640
5124
0
6152
2032
0
7338
0
8125
0
0
0
21925
3692
11277
15244
0
6712
1602
6184
0
8824
86
0
1027
2574
0
0
0
6224
716

=== CHANNEL 12 ===
5439
14098
8868
0
0
0
12511
28690
14234
0
1923
4626
0
0
5227
0
0
4945
10526
0
17804
0
0
0
5289
899
0
0
3715
0
13857
1524
7281
0
0
99
0
0
0
9685
2026
11823
0
22954
0
3374
2609
12725
15955
0
0
1594
9885
539
5910
0
0
4129
0
5137
10143
0
7556
10255
1558
0
0
0
0
8035
11808
13067
0
14237
1404
0
9744
2865
0
1638
2393
13314
32188
3587
17680
6026
0
11618
0
0
5761
28768
10716
11421
7027
23951
20379
0
15492
2132
0
0
842
0
4874
7442
8507
7935
8528
0
0
0
0
15690
0
1640
9054
0
0
10186
7926
27983
0
0
3826
0
13114
6627
26975
0
0
11670
0
0
8418
2015
9766
0
0
0
0
0
0
0
0
2584
1536
2557
10345
0
4715
16257
0
0
13010
9615
9478
14084
0
0
5347
5160
0
14759
15683
4957
0
14215
0
0
0
0
9909
16579
7684
0
0
0
0
14696
10764
0
18313
0
1616
15625
7295
0
16565
0
576
17164
0
5429
0
0
0
0
0
11780
0
7734
7209
980
12428
12550
12795
0
0
330
0
9366
0
0
0
0
0
0
13700
17159
9849
14690
3996
0
0
555
10052
0
5826
0
888
0
4280
0
0
0
1180
2480
12348
3324
0
2370
0
0
0
3467
0
20488
3574
982
0
9705
180
8439
0
0
7954
9174
16969
24397
0
0
0
0
5041
5105
19488
7664
0
0
329
13877
9705
0
6193
3311
0
0
17367
0
4209
0
0
9876
13622
0
5071
0
0
4099
7257
20561
0
18658
14421
988
0
1636
4246
15782
2727
8493
0
5468
4297
7146
0
904
9020
5665
0
0
0
8900
1416
0
0
3749
0
0
0
19389
0
0
8932
0
14526
9659
0
0
0
0
0
0
8998
0
0
15630
5801
0
0
706
0
0
0
9614
0
0
0
0
10089
0
0
6412
3201
11930
25998
8671
0
5883
12547
1574
6191
6315
0
11365
5081
0
11927
30352
3634
0
0
984
22395
3081
17714
0
214
4925
1815
10643
0
15676
17024
0
0
10094
10532
0
12573
7606
7100
11518
0
1282
0
13315
8650
17160
22010
4596
6272
10834
3644
6524
20730
1403
0
467
1796
0
0
13392
5453
0
9878
0
7304
0
0
0
16255
0
0
0
0
93
2927
4185
20703
1638
5164
11911
21220
7196
0
2857
7932
0
0
14992
4480
10107
6630
2591
0
0
5259
0
0
12552
0
4320
0
1756
19752
9439
0
0
0
0
0
0
9320
0
0
0
0
4531
7519
0
1563
11925
23937
5906
6373
0
7276
12727
1333
0
0
0
0
0
0
0
9009
4743
15114
6944
0
0
0
0
0
0
0
19154
14641
28176
17964
2336
0
11401
0
36722
20689
21900
2602
0

=== CHANNEL 13 ===
6195
5491
0
0
11519
6395
0
13158
5242
20687
0
0
21526
15338
0
11264
0
8692
3125
336
15556
0
4933
18356
5006
17470
3290
5967
0
5239
9570
3748
6453
8552
8385
4144
745
7117
0
2011
21877
12747
4313
13180
0
0
8124
11722
0
5207
0
8022
0
26175
0
11980
0
0
0
1717
4253
3817
0
0
624
2845
7322
0
6698
0
2992
0
0
2777
0
669
11909
0
0
192
0
0
6661
0
0
7089
524
1627
6853
0
0
1354
13843
9326
0
0
17915
0
0
0
14118
5771
2068
8871
4053
0
0
0
436
7033
6385
10515
895
5826
10816
19728
0
0
15922
0
2725
5645
14139
0
0
0
17884
0
11417
0
13085
0
5765
3173
0
7816
0
5120
7788
10063
0
0
1447
11038
7184
9164
5254
16081
0
11144
6192
6580
6415
2843
4999
9501
0
5377
14938
20523
13441
15367
10827
19410
470
12679
0
5012
9812
2500
0
0
6103
2093
4874
3502
8616
0
4406
7548
0
1708
10545
0
11746
610
16059
9092
0
95
5091
0
0
6426
16627
18025
12714
2789
0
0
3868
0
3181
0
6400
4976
2395
10542
5382
0
625
14314
0
8584
0
0
18696
12761
0
21914
4263
8446
14003
4414
0
16535
0
9709
0
0
0
0
13308
0
3861
16862
5428
5252
8571
8940
0
6881
2891
5405
6043
12178
1595
6711
9058
10398
23460
7005
1792
2510
2281
5577
0
0
13341
8762
0
9080
0
8143
0
6364
18162
0
15780
1024
1896
3146
6504
16264
1458
15447
0
1138
1407
0
7338
0
0
1654
0
2413
0
5737
8769
4726
0
17973
4577
0
0
20513
19396
1919
0
5462
0
0
5214
19501
13777
8901
5482
453
0
0
0
3255
18096
13147
0
0
10352
0
13351
13243
0
4076
12984
10780
1100
9094
3274
10991
0
8822
21112
13698
0
8769
0
11439
9521
7579
8402
2043
3334
20416
3844
8459
0
5191
0
10993
0
0
0
16326
17704
5433
9910
11308
6382
0
9713
18403
0
18845
0
5844
7720
5193
0
0
1770
10258
4849
13444
0
0
0
660
0
0
0
0
4624
0
19140
2415
0
0
0
0
5266
543
8578
3167
0
0
0
14266
4085
2907
354
5647
0
0
3560
3620
4381
16421
1364
0
10497
0
11944
621
0
0
0
0
0
8996
8633
10666
0
0
2179
0
16685
0
2646
0
1428
13151
0
13595
4624
15951
0
11086
4952
16065
6555
1606
0
6572
3005
0
7878
5972
0
0
3496
17147
10867
31179
0
19573
10193
22358
0
25968
423
8587
2497
4960
1089
0
0
0
6997
0
13779
0
0
0
16160
0
0
7399
0
1614
0
1009
8866
0
8145
9721
0
0
5319
0
0
0
9778
0
25894
2592
11015
6916
5242
0
0
3733
0
6519
15388
22784
6949
1093
0
14855
2300
0
7077
11703

=== CHANNEL 14 ===
0
5643
6848
0
7690
16352
2744
5750
0
6230
7331
0
41872
8953
0
1677
8254
0
0
0
0
0
2567
0
5022
0
0
0
0
0
0
0
0
0
21069
5987
0
13132
0
0
9368
8079
0
0
0
0
0
13676
0
0
56
0
0
1452
0
0
9741
0
2510
0
0
0
0
0
0
0
0
3794
16316
0
0
0
0
0
15420
0
0
0
1341
0
0
0
25200
12787
0
4129
0
0
0
0
0
6451
0
3702
0
0
0
3346
3761
19770
0
8876
0
2286
0
0
0
0
13295
10915
0
4021
0
0
0
5065
0
0
19074
3158
384
0
8551
0
11997
0
0
0
1055
0
12305
2512
13874
12483
14516
0
0
0
986
23759
2218
0
0
3975
0
8736
0
2
0
0
0
532
0
7009
0
11405
8278
8144
8388
11994
7204
2450
3639
9963
0
0
0
0
9799
1510
16627
0
3108
872
0
0
18469
0
2004
3056
0
0
5715
0
9668
0
369
1225
1530
6278
7063
0
0
1074
0
20705
0
1931
0
10848
30289
0
14428
0
3673
15093
0
13894
0
0
0
0
0
164
0
565
15595
11833
0
4257
0
0
2435
3246
0
0
0
8506
0
13122
0
0
30153
0
0
7399
0
0
17545
7692
0
0
0
9983
0
2538
0
0
0
2655
13789
0
6840
0
11648
6554
0
17454
14838
17352
0
7471
19742
1627
0
0
0
0
0
1784
0
923
0
2805
0
3636
0
6102
0
0
11925
0
5935
0
0
0
4874
4076
0
4166
0
8835
0
0
8215
4270
4253
8446
0
0
11825
0
0
3300
12553
0
14544
0
1241
0
1565
12972
12541
0
2543
0
5488
4033
8559
23368
0
0
0
0
0
0
457
832
0
0
12701
11824
0
0
3687
3664
0
6533
10690
3092
7511
0
20053
0
0
18200
9040
5828
0
0
6099
10628
0
0
18141
6517
0
0
0
5149
0
0
5480
16726
0
5800
0
0
0
0
0
0
8118
0
25539
5456
0
0
6138
0
11105
8428
17525
0
0
0
11906
0
0
816
9883
17430
1393
0
0
1462
0
4180
8800
0
0
0
5506
0
0
4335
0
0
0
0
30983
0
11646
0
19138
0
0
4191
0
5708
0
0
0
0
4158
5253
16760
5552
5214
0
6428
0
10929
10908
0
0
7633
0
0
9736
9353
0
1967
4648
0
0
14438
0
0
0
9295
2628
0
7033
0
12016
0
0
3522
0
0
4964
0
6795
0
0
0
0
15627
0
10041
0
19659
0
11045
0
16937
0
0
0
0
10901
2879
7557
0
2345
0
149
0
0
3175
0
5884
17243
0
0
0
0
0
12984
0
0
0
16210
0
8494
1456
13808
3725
0
11093
8115

=== CHANNEL 15 ===
0
20136
15778
0
0
15231
4848
7423
25449
0
0
8794
0
0
0
0
3739
0
0
3220
3634
6091
4508
4720
8424
0
0
8176
0
880
0
2150
1542
5970
1666
9852
0
10581
265
23416
12353
3367
3572
0
1174
9164
0
16587
19981
8996
0
2104
334
6202
0
1807
22435
6791
0
8388
2121
0
0
331
19137
27591
0
16006
1303
14038
5918
0
2492
11891
9911
10189
24532
8976
196
5317
21054
16317
3167
4091
3897
991
8360
0
2166
5285
0
0
10523
2006
0
0
5790
0
0
0
846
0
18274
2831
0
7508
0
2711
12084
0
813
0
10246
4779
12779
4154
10700
15649
10152
0
0
8516
16076
16816
0
0
5731
3743
20291
6151
4513
18956
1243
3445
4682
1030
0
0
17526
0
9506
15924
0
23399
3813
7653
0
0
25338
9556
1828
12566
0
27898
14236
5691
3230
11565
13064
14649
19211
0
12178
0
0
12522
0
3658
2567
21556
19349
0
0
20839
0
0
3870
0
3532
9718
0
19004
0
0
14319
0
8812
843
0
7509
0
14119
0
0
0
6136
23801
10209
13566
3143
0
10546
8182
9598
9047
3601
32436
16232
32921
0
0
4508
19818
8951
1384
0
5829
5751
0
3448
2397
0
14738
929
1842
4002
0
12376
7984
11699
7475
267
0
0
0
16774
16573
24026
9376
0
12739
1743
0
0
0
5485
5345
10520
11060
17093
10460
3322
2107
0
8733
0
10027
3301
14232
6609
277
8729
11832
2791
0
1097
0
7618
0
16650
0
0
76
1830
0
484
11800
0
24197
11012
11004
6754
0
0
21902
0
6815
0
0
2046
0
3102
7724
0
17660
0
10774
9795
13965
7316
0
0
0
0
5367
9052
0
6364
0
9134
0
5074
7961
21106
2005
0
1056
16432
14802
6994
11385
9389
0
15137
0
10995
18417
0
24781
0
22653
0
0
0
0
0
0
31542
0
19506
0
4628
0
14024
9606
0
15004
0
7688
11340
1335
14453
11447
2942
0
14422
5298
0
10373
18332
14777
0
2535
0
0
0
0
0
0
0
29787
22211
19921
28020
0
0
6555
12932
0
1880
0
23240
21965
11154
19818
0
739
3882
19682
23289
16316
12191
5643
1642
19745
2338
0
23191
4888
15692
0
25995
20896
0
4574
0
11687
17121
0
13638
0
0
8818
0
5780
0
15729
0
12146
112
7497
0
0
9990
36487
23808
0
15414
0
7240
0
0
0
0
761
0
12654
0
0
22729
0
5271
9935
4857
0
6722
0
0
0
0
0
0
0
0
25080
5210
25724
9788
5748
10964
0
115
19044
13231
0
0
0
0
9915
21542
5549
10010
11239
17566
19428
0
0
6723
998
906
0
0
11888
0
4366
11261
13176
12673
13891
456
12264
2333
0
9365
0
0
3953
23647
1428
24099
0
7026
0
0
8166
5810
0
0
21968
0
0
0

=============================================================
