=============================================================
DECODER OUTPUT D5 - PER CHANNEL DUMP
Format: Channel -> 512 Posisi
=============================================================

=== CHANNEL 0 ===
10422
22344
18376
12809
6273
0
9209
8867
5420
19634
22395
10628
0
1053
5982
2365
10502
13345
7167
19980
0
0
0
5095
0
13412
0
0
16137
18891
0
0
0
0
15387
0
0
0
7980
4467
18367
0
12957
0
6634
17593
11633
14485
0
919
0
0
3801
0
0
21555
11643
19149
0
14260
8472
16255
9061
9627
332
10478
5263
5177
0
6988
0
12891
0
3381
7486
9044
3429
0
0
4526
21217
12976
5286
3948
0
0
8070
0
2821
0
25533
0
0
0
10348
14141
0
0
3980
0
1227
157
19697
9727
0
10386
9597
13261
27342
0
0
0
19325
0
25299
0
0
17304
0
0
14010
15123
0
0
0
2833
0
76
5097
0
0
0
27017
4701
0
0
0
7547
0
0
3458
600
4651
19285
16522
13596
1685
1674
10627
11314
7457
13463
0
0
0
0
2553
21643
3509
11522
0
22627
6966
17850
110
0
0
16920
13201
6208
730
0
12622
0
0
0
0
19962
0
0
10145
14825
23922
6928
12564
7106
0
1436
9582
5865
0
0
0
8385
23912
5560
17253
36056
5853
10712
29215
12729
0
0
0
6844
20695
5777
2937
346
229
14928
10718
18627
49656
0
0
0
14109
0
27986
0
0
0
6098
29721
0
7511
0
5019
4653
15440
18630
3542
12058
0
0
14190
4613
4507
18638
22272
10435
14958
0
5891
9918
13525
4710
11469
0
20931
2310
4096
0
3018
21739
0
0
19263
10755
11625
7181
2643
28132
0
8855
0
36140
18942
0
0
0
19462
2782
0
22088
0
6641
0
20431
0
0
5002
0
15774
23800
3866
17983
0
15917
0
0
0
0
0
16028
9666
502
24083
14185
19968
8064
1884
14448
0
1939
26116
3493
14929
6640
6218
29908
0
17688
0
14162
0
9255
12906
0
17898
7244
0
0
0
0
11806
11886
10268
0
17946
0
17641
3756
23268
5897
26664
18619
4361
0
0
13258
1739
4996
7989
0
195
6163
7809
0
15449
0
3335
0
0
0
11065
0
5967
17927
2524
5729
2768
0
0
23392
24143
8641
1817
0
29704
6175
16367
5244
2858
0
0
5113
3627
0
883
8115
10643
12259
23792
4677
13629
6389
16683
2835
0
11758
0
12561
0
2948
20439
0
2698
0
5230
0
0
4830
3515
14429
17770
4613
0
17643
0
2777
12836
0
10448
32356
0
8484
0
3366
6137
17240
0
21724
14978
12140
1107
0
4960
24140
3344
0
0
0
11449
4961
5640
16121
39207
10815
14150
0
20249
21598
39016
945
24548
0
0
0
669
0
12623
0
0
2009
0
0
2910
0
0
4124
0
0
9379
5504
24898
15678
4985
395
9916
5455
5842
593
22197
13501
0
0
0
10232
0
25391
0
20372
0
8890
0
14242
13984
12891
0
9364
0
18780
17320
13428
0
0
4402
13056
4520
11753
0
4604
0
0
0
17450
20023
0
14054

=== CHANNEL 1 ===
1485
10192
0
6654
16508
11215
1220
25252
0
5591
1784
26594
18469
20617
15983
1243
0
17891
16151
9203
12367
9777
11927
13161
5192
0
0
2515
20810
1398
3525
3418
1911
5375
0
0
20703
20250
26319
1338
0
9355
11521
6384
14232
18511
9612
9583
4962
0
0
1546
0
19119
20508
7116
9134
16093
0
0
3250
0
4207
0
0
1183
0
0
791
0
0
5607
12235
0
7788
0
17388
1141
4725
0
0
23935
1599
0
0
0
3883
231
0
5215
9231
12224
0
2661
2492
0
27697
11548
0
18803
4375
0
1515
12979
17222
3318
4313
12999
0
2214
0
1189
0
12150
7495
0
3633
4592
0
0
0
3371
1790
7264
7151
3117
11290
8197
0
7475
10490
16018
14864
0
0
11354
3849
0
0
7949
0
13214
35818
0
11396
0
2149
8548
898
5266
0
16224
511
0
0
13448
8125
3568
10263
0
24065
0
0
0
7048
0
0
22780
2849
1137
6510
0
0
17337
0
7247
23231
42585
5779
22409
10156
17181
8630
3322
3582
0
35430
4939
11637
18604
0
0
0
5354
0
0
13881
3613
15662
3838
13304
0
2217
21716
0
9036
0
7933
0
0
22663
969
0
12263
8742
12667
0
6228
22460
14296
23125
0
16806
8425
23365
9411
8107
156
0
1856
0
16017
5242
10124
11831
0
6746
6065
14206
13863
0
7591
7824
3579
3606
1244
2319
13981
30262
0
13901
0
3652
0
2815
0
0
2243
0
0
7751
3157
4062
22252
0
15437
11956
18093
9998
0
0
0
22437
0
17246
0
0
0
0
9025
15020
7344
9243
7097
3116
39704
23792
2522
31617
0
17978
24105
13065
22152
8441
0
2776
8765
23941
18729
9740
0
0
2687
9868
0
11673
13760
21491
1835
9682
14025
5421
8666
0
15788
0
3331
6878
7457
4153
12216
1187
8776
3232
0
16787
6208
6258
0
6713
0
12684
0
4266
27089
9530
24890
0
15631
5155
13182
10517
7687
17249
7892
497
6781
790
0
16028
0
13160
21966
697
34207
6346
6147
13031
0
6680
10262
22085
0
18615
15506
3267
12011
19459
0
24078
0
12320
0
5527
9400
0
1811
2257
0
3454
19777
10629
0
0
0
0
0
8793
0
0
0
0
20953
76
0
0
0
14571
12235
0
0
0
3420
0
411
2327
4544
7911
2787
4154
25514
9647
192
20109
911
15599
106
20376
6406
1886
9095
4621
17910
0
19797
24593
0
6062
23772
5642
12278
4358
11164
3281
9467
18607
0
0
8153
2235
326
15977
5208
0
5168
11796
2589
9316
981
7206
0
5580
0
5366
0
3269
2983
13872
14817
0
21879
4595
8370
4356
0
7187
0
18572
12780
4203
4488
0
3209
16059
0
13763
1519
0
14753
2926
0
10793
10629
0
32727
9138
9854
10673
5772
0
0
0
0
24643
22097
6237
10639
4638
2250
6374
5028
26890
0
0
11303
12185
11877
9242
15130
20819
0

=== CHANNEL 2 ===
0
9574
23289
481
4670
1492
4223
9276
12908
20608
0
0
7444
24056
0
1667
4003
21078
8152
0
4833
0
0
6298
0
0
0
0
0
0
7499
0
0
14605
0
0
6393
11306
1770
0
0
7830
15822
0
0
9431
7975
0
0
0
0
355
0
324
0
12376
22836
30425
9538
11303
18913
0
0
0
0
3010
0
1283
2219
0
0
0
7997
7046
119
0
0
4552
8764
0
0
11810
2333
3213
0
2026
0
0
0
0
0
0
13847
0
12599
13518
17629
22718
16522
18185
6529
9890
0
4779
5023
0
0
16591
9201
12007
0
0
0
18393
6912
16624
13087
0
7413
27876
0
382
842
0
4239
20644
11152
3042
0
0
0
0
0
0
7015
5414
2514
11600
4531
14401
0
18517
9916
0
2827
0
1429
11900
0
18116
22708
32733
26838
4116
0
6017
14909
17561
19438
7408
0
0
3542
0
0
0
7310
6106
2867
0
0
0
6967
17904
5501
1320
2619
4202
12744
19493
22657
18582
7685
5633
0
0
0
2693
4751
14725
2555
0
0
18107
0
0
0
0
9927
10021
4824
0
0
5824
0
8168
17437
5563
11900
0
12481
0
14829
0
5
3742
2121
0
0
0
4809
0
8384
8699
0
0
8121
2338
0
8918
0
4158
11801
9658
10732
5829
0
0
22443
0
0
0
215
0
0
1853
0
0
0
0
8479
16298
11795
0
0
1140
0
6471
0
0
0
0
9357
11012
8516
0
0
0
8838
0
0
0
0
0
10236
19138
0
0
0
0
0
0
0
0
0
15695
32762
0
0
0
3241
0
0
15589
0
0
0
0
9101
0
7454
2684
0
0
1102
0
0
0
1430
0
0
6083
17267
0
0
0
0
0
0
0
3357
17111
0
203
0
0
0
1498
0
8819
0
0
0
211
15866
2462
16107
0
10859
8518
0
0
0
2772
11391
1133
0
0
3738
0
9905
9339
9196
0
0
5903
0
0
0
0
9198
0
10976
0
0
4168
0
8326
2801
0
0
0
0
5122
0
16539
0
0
0
2127
0
5407
3392
0
2552
0
7660
14651
14325
0
0
103
0
1169
0
0
0
0
0
21787
0
0
0
17926
0
0
0
0
2368
0
12515
16739
3881
0
2749
0
5487
0
0
12874
36
8567
8486
5782
488
0
7021
8299
0
8764
22
0
10488
26388
2395
2391
26403
0
1849
4159
26954
0
276
18051
2522
0
0
0
0
13475
0
0
0
2861
8964
0
3756
0
0
1837
9823
16080
15466
0
4445
0
2463
6993
10135
0
10482
3864
0
3797
0
11669
3986
5871
5627
1516
66
11403
0
0
0
9710
0
3629
3363
83
6455
17666
3902
0
10126
10170
22644
8948
8733
0
0
0
0
3359
17722
0
1484
11121
114
0
13776
0

=== CHANNEL 3 ===
8053
0
2896
4450
0
8196
6890
4950
0
2542
0
6412
11971
0
0
14232
0
0
0
10947
0
0
0
7358
0
0
11510
17594
0
0
0
0
0
0
0
5307
0
462
7427
1714
3414
4062
17711
19273
12187
17715
2585
0
0
1225
0
8507
0
0
0
15395
14008
9015
33858
11933
14765
5559
0
0
0
0
0
0
2791
0
0
0
8657
0
0
0
0
0
0
3824
0
0
0
0
0
0
0
14373
0
0
0
0
0
0
2884
6763
0
0
10144
0
0
0
0
6166
0
3063
0
0
0
5463
769
0
0
0
0
466
5094
0
0
4468
16598
0
6258
0
0
24671
3019
0
6397
1834
0
2141
0
0
0
0
0
0
1819
0
0
7344
0
3559
414
0
4412
0
0
0
6246
0
17760
0
0
0
3749
0
10252
4996
0
0
0
0
0
3108
0
0
0
0
4232
9531
28316
14747
4067
34718
0
0
0
5822
0
0
0
15986
0
8193
0
0
0
9258
0
0
10650
3140
0
11777
14941
0
0
0
221
0
11185
6307
1829
0
43965
0
11661
0
0
0
0
0
5503
0
0
10730
0
0
0
0
0
0
12994
0
3445
9673
0
0
0
0
0
10911
15385
568
0
22153
20120
0
0
1365
0
6830
0
17644
0
4105
0
0
0
0
0
0
13518
0
3290
0
0
0
0
0
0
0
7027
0
0
0
6111
7068
35
0
0
0
0
0
0
0
0
0
0
0
0
0
0
33421
8539
18441
681
6180
0
0
11155
0
0
0
0
9731
1961
0
23950
0
5448
0
9704
0
0
25485
0
3516
0
0
14519
0
10208
0
0
0
0
14206
13097
0
33374
0
0
20026
0
2719
0
11023
5168
0
0
0
0
0
10992
0
5392
9060
8460
3876
13544
0
1796
0
0
0
0
0
0
0
9341
0
0
491
0
3203
0
0
5980
0
10016
2335
0
0
0
0
7327
10604
0
0
2583
21011
0
10016
5753
0
5754
0
3174
1245
0
14340
15524
0
28014
146
4556
0
0
0
0
0
0
0
0
0
19691
0
0
0
0
0
0
10236
0
0
0
0
0
5971
0
0
0
4261
0
7312
0
0
0
0
33217
0
0
0
0
0
0
0
0
0
1259
21151
0
8280
0
0
3348
0
16443
0
0
13410
0
10429
0
7801
11781
22690
3720
0
0
0
0
0
7598
0
0
1055
0
15051
0
0
0
0
0
0
5426
4601
0
0
22338
0
10408
1383
0
0
0
0
5509
13634
0
7028
11697
0
1951
16211
0
0
0
0
13461
0
0
4464
0
0
19058
0
0
0
17108
5839
0
0
0
4334
8226
18866
0
0

=== CHANNEL 4 ===
1299
13239
22221
13416
6768
4987
4533
7841
0
1261
1887
0
0
6399
8428
16443
0
13024
10322
0
6750
2141
2513
0
0
9110
0
10528
4328
15646
2583
0
0
1486
5626
0
9938
6006
2099
0
5637
2720
8037
7656
0
0
10019
2046
18465
0
26307
0
145
8571
15040
3622
4084
15003
10019
30112
455
9403
0
0
0
0
2296
0
2005
0
345
7654
0
11491
5110
0
9304
6724
1757
0
9907
13041
14921
21694
6299
0
839
0
0
0
0
22237
1254
0
10469
10664
3388
17953
5284
88
4060
1903
0
13276
0
11472
14494
0
7171
5440
3813
0
0
12411
3002
8628
5102
12476
21340
6162
13168
0
9197
6115
4696
5012
18617
1620
0
2388
8200
0
13083
0
8759
0
0
4414
6773
1753
7603
34230
1779
2588
2619
0
0
0
4268
15768
1551
4065
0
502
0
11290
1754
0
1777
14167
2622
0
0
0
0
10710
419
2589
11146
0
0
22927
14615
3374
8178
16869
21524
15125
4176
9549
19766
1591
0
0
3154
0
0
14382
14151
0
3756
0
77
0
0
0
6109
6791
0
13174
7026
0
0
0
14835
0
22700
8754
15075
0
8346
23407
0
2173
15972
3943
6636
59
5956
0
1978
15991
7867
0
1249
0
3178
10869
4858
8187
5693
3117
15859
4743
8710
30421
8342
11472
18426
0
7261
0
0
2073
19323
0
7220
0
0
17634
0
22358
5454
3469
0
1727
0
15152
9578
7949
9391
22077
0
0
25508
0
1888
0
21460
0
0
16352
475
0
7636
0
0
0
9752
0
3480
10197
3784
4475
5043
0
7553
13119
3140
18201
0
0
0
0
16511
0
5776
6292
0
0
1427
6377
10217
4735
6454
12622
12031
213
0
12550
753
14418
10749
39
0
0
7994
0
19299
3560
6005
0
4063
0
0
23091
7268
0
4759
6020
3133
16488
0
29243
0
0
3409
0
13639
13046
8061
1518
0
12742
3240
0
0
0
10959
26121
9850
5153
10366
5621
4738
3773
5817
10406
0
19531
0
3850
4621
0
0
2021
4635
0
479
11635
0
9694
0
7711
0
17563
11910
3224
0
0
0
0
0
4402
0
0
0
17668
6490
2322
0
6740
0
0
1915
3366
0
1027
17999
0
0
19120
8910
4160
1392
226
16709
0
6932
7723
2294
0
15334
5741
0
0
8554
17259
6733
11777
9966
8089
5992
6468
18898
5447
0
0
401
0
17178
2616
7068
0
0
0
12122
12604
11073
0
15686
3668
895
23954
5796
11534
3872
0
6721
0
0
8343
1679
0
0
24692
11565
6580
15537
0
0
1626
20736
0
1572
23496
0
15185
0
0
11721
0
11172
14332
0
0
4017
9840
0
1938
0
0
10562
0
5197
0
12281
11115
9146
3989
18244
3489
0
0
0
4877
0
12465
3008
3184
3558
1723
9382
0
8522
0
8623
15795
18476
18697
5847
2306

=== CHANNEL 5 ===
12594
11107
25321
16898
0
0
3124
29891
3871
1769
8575
1571
16746
0
19433
2953
23179
6951
5451
8238
18897
19715
0
13699
0
0
24556
14159
0
0
0
4915
0
17776
6246
22338
0
20094
0
12950
19252
7292
3486
11002
26672
0
15071
0
8903
0
13368
26817
0
24974
11557
0
0
384
4505
0
14765
0
33441
0
1765
0
0
0
9862
79
6511
17587
0
0
10575
26331
0
5994
0
13603
7606
0
12380
0
11936
9498
0
10930
0
14018
0
0
2930
5760
1294
24754
0
3759
6601
11267
35198
2026
11627
19348
5643
5169
21064
0
0
3104
0
0
12196
338
0
19851
34995
8588
6633
0
15154
8362
17010
6084
1510
11093
0
0
5272
12056
2917
36068
18678
3235
7043
0
0
14340
0
9046
7028
0
5061
0
1765
0
7552
0
12150
0
10822
0
0
7453
9091
25974
0
17780
28668
0
12735
1180
17009
0
0
0
0
0
818
0
0
5631
0
7808
12231
31904
7145
22336
18390
28961
0
0
13887
1065
0
4096
24919
11815
0
0
2221
6355
1982
0
0
0
25812
0
12829
16311
6213
0
0
0
3631
3553
17908
0
16140
21067
12323
12741
615
16285
0
21496
16057
38997
10989
21416
0
30774
3108
17589
10594
0
12309
0
10440
0
13645
11246
0
23923
17143
16840
5744
14145
0
11236
8221
0
166
0
20020
15058
17951
1161
7895
14143
4241
15347
10105
0
13961
6181
991
27512
15656
7444
906
15724
0
19260
13872
7706
16601
0
0
14094
5092
21929
6458
4445
8842
1100
16495
21711
19115
12185
6355
14734
0
11267
3957
8407
16276
31832
2202
24290
6892
18595
8562
6477
17267
0
0
0
0
0
4223
0
0
0
23822
0
20210
20156
13082
17866
11873
26982
130
5942
13709
4566
2731
21552
1364
10188
23713
0
22474
3875
4073
3644
0
0
6872
0
15160
0
16512
11741
0
4662
7372
0
6571
0
14298
21904
0
4748
4634
6747
2313
11186
0
18846
485
0
5974
0
0
18741
4626
16486
1663
37765
0
0
19612
28391
15978
30803
0
20257
1907
28594
5156
21297
2082
0
0
5293
21186
10553
11516
8749
6999
9182
6358
0
437
0
17667
0
12505
0
866
0
0
0
0
20692
0
7836
8252
0
7857
0
0
0
14479
2350
9055
17768
19016
8527
11574
10551
3889
0
0
9829
0
35432
2675
25399
29092
1342
20312
16046
24721
8493
9299
0
18507
1278
10345
0
0
0
0
38654
6159
0
8073
9862
0
8647
9927
30551
0
9289
26456
783
0
0
12642
10230
6062
24024
18961
14227
0
26981
0
11087
0
0
11779
0
12468
30829
4428
14908
24675
0
2903
0
0
0
17485
0
17834
0
0
7220
15105
0
13708
0
5435
0
0
9685
26743
0
0
2543
4746
21435
14608
5147
6047
0
2764
19093
4541
0
15337
2582
0
1169
0
6920
0
22684
18217
21770

=== CHANNEL 6 ===
0
8839
2848
0
6986
0
3308
0
14479
0
0
0
0
7088
9750
697
8858
3220
0
0
0
0
504
0
0
26312
0
0
13096
7252
0
0
2063
0
0
1409
7299
583
2713
15583
0
605
5240
0
0
1409
8531
0
0
0
0
9768
0
0
361
0
5468
4691
22494
4658
0
0
0
0
8760
5956
5002
0
0
17193
2697
0
7000
5690
0
6697
5825
0
6607
9463
0
0
634
0
1920
0
0
11101
0
0
0
0
0
0
0
3579
0
0
11648
0
0
2033
0
1416
0
0
0
6630
8451
0
8894
0
0
0
0
5817
0
0
9212
12592
1679
4824
7363
1613
0
1448
4878
0
0
0
4926
0
0
0
0
0
0
18925
9948
0
17586
0
0
12789
24787
0
1227
4998
8920
5930
3107
4489
0
4874
6651
0
0
8400
0
0
26017
5743
0
2152
0
0
0
6332
0
0
3169
0
6384
0
16381
0
7112
0
688
0
0
0
0
0
2670
0
0
0
2996
0
11316
0
2411
0
0
0
3131
0
7278
9838
0
0
0
0
1636
0
22179
0
6618
894
0
0
0
0
0
0
0
0
0
0
0
16268
0
10961
2013
0
0
0
0
0
6232
0
12914
18056
0
1516
0
0
10460
15982
0
3209
0
5077
0
0
0
8212
0
0
0
0
0
3181
6913
1144
0
0
3167
0
3523
5946
0
10014
4980
0
0
0
0
5221
0
0
0
15908
6021
0
0
0
0
0
0
0
0
0
3253
0
0
6653
0
3155
4126
0
1105
0
0
0
11537
17751
11827
0
23977
5545
17489
0
0
0
0
8876
8256
0
0
3454
10420
0
0
9406
10145
0
9544
0
0
3084
0
5431
0
11076
7236
6034
11318
0
4107
0
0
866
0
1651
5948
11595
4641
14905
14067
470
4891
9688
2828
0
0
0
0
0
0
0
0
0
0
6152
9092
0
0
0
0
0
0
2607
0
0
4687
3794
0
4005
0
5114
0
13992
6003
0
10815
0
0
466
11804
3580
0
0
9011
920
1899
2280
0
0
0
0
0
0
0
16998
0
6948
22832
12148
11098
6415
8938
0
0
3962
0
0
0
0
0
0
3782
0
0
0
0
1518
0
0
0
0
19738
0
0
0
3855
6400
0
0
12570
5057
0
0
0
12074
0
0
0
0
0
0
0
7554
0
10482
0
8195
10609
6997
0
1271
0
0
0
0
0
0
0
0
7299
0
1565
8969
0
11568
0
0
0
0
25732
829
5723
979
0
24302
12256
12295
7604
0
0
0
0
0
0
0
13645
0
0
731
16698
0
0
0
0
9439
0
2306
0
6919
0
74
6789
0
12025
0
14238
0
4337
7901
0
0

=== CHANNEL 7 ===
0
0
5123
0
0
0
62
16221
2624
3346
10272
2258
0
4866
9808
1818
0
6826
22657
0
0
3449
12599
6114
5260
3092
0
7487
0
0
12274
10614
2357
0
6207
0
16636
10190
0
7065
247
8269
0
8341
0
1429
0
0
6481
0
1320
1985
11105
8828
11891
4048
0
0
0
0
2648
1456
16010
0
12743
0
5693
1596
4290
10460
13430
10093
0
0
14940
0
4650
6719
5514
0
0
0
0
0
2134
0
3004
661
256
1187
0
5942
9618
12906
0
11275
0
8368
0
0
18865
14944
0
0
6523
4655
0
0
0
0
0
3063
2570
9510
10431
3091
0
0
0
11741
13452
5771
12253
0
5594
0
0
0
0
13526
13316
0
0
26331
0
5480
962
0
0
0
18716
0
4951
10948
4374
0
0
8211
1274
6248
12499
0
0
0
15728
12154
1242
0
0
10922
4209
0
863
0
12984
0
13652
17288
0
0
6627
0
0
529
0
11787
8527
5335
0
0
0
0
977
0
1857
15457
9123
0
0
7345
0
16418
0
5282
916
0
0
4123
0
142
17130
459
0
3324
0
5992
0
9380
14660
0
7239
0
3547
0
3176
5728
8810
0
8285
0
9290
8798
0
9654
6732
0
0
9297
7578
3562
4146
466
0
3674
0
8459
17690
0
0
0
6442
0
0
0
11376
0
4258
23534
11736
0
0
0
0
8975
0
164
0
0
15714
3040
13842
4134
0
0
0
14346
0
1602
9442
3745
9217
5992
12101
4739
0
6483
3188
17128
1814
0
0
17672
0
2495
14684
0
0
0
2689
0
0
4152
0
9076
0
0
999
0
4548
0
0
0
0
0
2822
726
17745
8584
0
0
0
0
0
0
0
0
17133
0
13995
6302
0
11068
0
0
0
4539
13412
0
177
0
0
5240
9362
0
15101
0
0
5647
0
829
0
15320
34
0
34592
0
0
1382
9629
0
7988
17302
8059
0
5384
18177
7257
14937
14415
0
8114
15606
14911
12497
14124
14528
14568
12039
4535
6398
0
0
0
0
0
9195
0
8182
11878
18577
8266
0
1124
0
0
0
3199
0
2588
0
7925
0
12899
11657
0
2802
11992
0
3667
1380
0
0
316
1503
777
5593
0
9549
5557
0
0
11409
0
11190
0
3667
5907
12102
0
5250
2295
18615
0
0
22630
1130
4548
7029
0
2706
0
0
0
19557
0
0
0
0
14323
0
4970
4315
1869
0
2665
0
7885
0
496
3237
0
0
17762
1642
0
0
13487
0
8688
3565
0
0
2392
10557
12943
5662
2311
8155
10366
0
0
0
0
16690
0
4884
0
3150
0
0
0
11935
10997
0
0
2500
2359
0
0
2929
0
17571
0
10107
5972
0
0
63
4486
9379
0
15340
0
15451
2106
11184
2699
3160
0
4703
0
3516

=== CHANNEL 8 ===
0
4857
0
6918
22857
0
4374
17226
16055
0
5032
0
0
0
0
6000
4504
8674
2452
9242
0
18646
0
0
0
433
25869
15678
726
10581
0
0
7825
0
0
6411
4901
0
0
0
3203
0
0
10389
0
1796
7633
3904
0
3282
5145
6882
0
0
0
3535
1618
87
17192
16348
8527
20792
21776
0
3416
0
0
0
17154
0
13331
17118
3075
0
0
0
0
0
0
9622
5160
0
749
18035
0
0
0
2618
834
0
0
0
0
10010
7705
5482
0
0
17237
0
0
0
8250
14325
0
2010
18286
0
0
17421
13948
0
14457
0
0
10742
1417
0
0
2501
15671
0
6121
2883
0
4345
0
0
3827
0
0
0
0
0
10539
0
0
0
0
8156
9772
2268
0
20386
9316
0
0
0
13111
0
0
8119
0
5588
9150
1847
0
1494
0
3628
6408
14857
9267
0
6028
3798
0
5596
4791
0
0
13928
15509
0
2931
25296
7663
0
0
3687
1622
0
7198
0
19702
0
0
179
0
0
6537
0
9837
6572
2224
0
0
0
5727
15066
7876
0
745
0
3976
0
0
0
8369
608
0
14695
3682
12043
0
0
4468
10704
0
0
1628
0
0
0
0
7693
0
2369
5832
0
0
0
0
0
6348
0
6231
8036
0
11763
6195
4748
3244
0
4383
520
0
0
0
20008
0
31456
0
0
3663
25221
5937
3157
0
0
16085
4066
0
0
2123
8437
0
2303
0
25247
4144
0
0
4537
8804
0
0
0
8350
0
0
9780
0
0
0
0
0
6312
0
8801
0
896
10555
0
3376
0
13934
6088
1773
20288
0
13555
12007
10748
3381
286
7066
0
0
0
6865
12488
0
0
16485
0
0
6651
12420
690
10507
10257
13717
0
9769
700
0
0
9457
17485
0
919
17043
6130
0
3198
0
10594
10004
0
5970
8223
0
5017
0
0
13085
453
0
11110
0
0
5312
3786
5212
0
0
9387
0
7839
0
5887
0
5266
9700
0
690
0
0
5104
0
0
0
10990
1036
0
2414
1422
6307
0
8659
0
0
13439
0
0
13269
0
0
4760
747
0
6919
0
4749
2798
0
690
0
0
16062
0
3140
8474
10849
0
0
0
0
0
0
0
1268
0
0
0
0
0
0
0
733
0
765
4528
13049
0
0
0
0
0
4598
6540
0
0
2292
6090
0
7612
0
0
0
0
5415
14281
0
0
0
0
0
5312
0
0
0
0
0
902
0
3992
0
0
0
0
0
2781
0
7227
0
4069
0
13532
2367
0
0
0
2093
0
0
1543
3839
8099
2841
539
935
0
0
0
10025
9755
0
6247
15748
2725
12876
6913
0
0
0
11156
9144
10330
12929
13882
0
5403
0
0
6859
859
0
14750
0
18834

=== CHANNEL 9 ===
20065
0
381
0
0
2285
21370
2815
399
16079
0
22285
0
0
0
0
4011
25063
6626
23435
0
16358
18536
17370
10804
10934
5402
0
0
26070
6983
20818
26208
2848
0
32338
22787
0
0
0
0
16492
6943
5393
6067
8452
1872
5609
2710
0
4695
5900
9567
17723
14522
0
14543
0
0
2557
3312
0
0
12424
2887
0
999
6360
18750
0
508
10671
0
12922
10372
0
0
0
17975
29339
5587
3023
0
0
0
0
9991
1743
11390
1950
0
0
724
2869
8530
340
0
0
6856
0
0
13202
6831
0
22
4515
0
1853
14570
467
1584
0
0
0
0
0
31
7444
0
0
19651
1727
0
7409
2917
23499
27442
0
0
3924
4522
0
0
2967
116
10264
10579
0
0
0
21833
0
2081
0
0
7898
777
8689
0
0
0
0
174
1767
15090
10202
12148
0
0
0
2076
10335
17779
36092
0
11504
6794
1737
0
0
0
0
11270
0
10992
6128
15735
7661
10697
4153
0
3817
0
0
18093
14181
370
0
427
0
0
0
2284
8410
0
11195
0
960
0
0
8894
24630
95
0
1396
0
848
0
3305
1692
8426
34097
15820
2571
17749
15743
14097
37789
12207
26653
10226
11124
13073
21554
13716
0
0
17563
5378
0
8442
0
0
0
13564
0
0
10463
0
16852
24454
27154
7404
9838
12486
5742
0
10048
875
0
10475
0
0
0
0
1406
0
0
30817
16442
14457
29241
0
0
11756
0
16505
0
14403
19792
0
2051
0
8652
0
889
7333
0
8403
21228
0
15185
0
0
0
15202
1044
13647
723
2828
17294
11921
11700
7315
12663
5581
29513
23342
0
0
136
0
0
13068
19125
0
0
12162
0
29174
2394
6247
0
22355
5980
16928
0
18497
18297
0
0
0
0
0
0
14221
10674
3325
10518
0
30727
6082
0
0
1851
18044
7283
9881
0
5709
0
5981
0
9210
237
0
5692
27812
12316
10226
16353
7815
11730
0
0
0
23506
16997
19351
17648
1195
24976
15494
31144
0
19803
0
13914
0
3860
7663
9153
6763
11079
0
0
11474
0
10839
22164
13830
19372
26463
0
21067
0
12167
0
1885
18742
18857
18515
6207
8312
0
6288
8178
10040
16102
13967
0
0
0
0
0
13690
14232
0
0
15483
0
2330
8370
1915
17461
16746
28506
4130
32576
2306
5720
0
0
0
5470
24652
17284
3220
0
0
0
0
0
17824
15753
21552
0
9495
10977
1135
3459
0
16513
17774
29958
0
4898
0
5795
4715
28912
17431
14128
24332
22330
0
17623
1263
0
18389
6029
9290
22710
14758
18002
2026
0
0
0
0
6797
3667
18137
0
3670
0
11390
0
10452
0
860
20149
23273
12634
0
3649
0
0
0
8394
0
0
0
5072
0
2571
0
921
5435
29250
5213
8041
6662
23861
8245
18427
4598
0
0
9033
6502
4175

=== CHANNEL 10 ===
0
6671
1300
0
0
0
0
9728
2175
0
0
0
0
0
14582
5558
8100
0
2928
0
0
0
14434
0
0
0
0
973
0
532
170
14432
0
0
11902
9408
0
0
8953
5128
21684
0
0
0
0
0
1417
0
0
0
0
0
16365
2410
22203
2979
0
7789
0
0
0
977
15514
24396
0
0
3675
10420
0
0
6876
0
0
4016
16119
14991
19605
0
6473
0
9128
0
15487
1946
403
15593
16887
0
6796
0
0
7948
5234
9950
0
0
376
8835
8456
0
0
11088
0
10629
170
0
10729
0
0
3100
0
12360
0
7245
5145
7414
21328
4482
0
0
0
10481
0
6312
8378
0
0
3511
0
7576
6338
0
10336
0
1862
12438
6175
3642
0
17432
774
0
0
0
236
0
0
0
0
10194
18372
4581
0
19464
0
0
0
8829
0
1547
0
7000
2663
17619
0
0
0
5122
15909
11574
0
8217
0
15909
0
0
6301
0
0
0
0
9442
6999
7043
0
9376
12027
0
0
0
0
1352
0
0
0
4029
0
5141
0
0
12506
7602
0
0
0
0
0
0
2067
0
1776
3833
1434
8466
17232
6278
0
0
3263
0
0
0
10135
0
9836
0
0
1803
4429
0
118
0
0
0
0
0
15789
0
12834
6149
0
0
4628
10407
0
6746
16949
20273
9953
0
0
3125
14381
10498
10589
5571
0
18234
8960
0
0
0
0
0
11076
21288
0
0
5798
7009
5896
0
0
0
0
13367
3077
14937
7826
6855
0
0
0
10225
13464
4537
0
0
7709
0
12932
1351
0
0
536
12673
20127
1054
8377
3017
0
0
0
1721
0
0
5753
0
11786
0
3658
1660
0
7404
0
6073
9777
12269
13049
4804
0
7557
7336
8446
0
0
10930
0
0
690
0
0
0
0
4066
0
0
0
10851
0
0
0
14052
2347
8654
11752
0
0
1942
489
3278
675
6584
1395
0
0
9246
0
0
0
663
0
7666
0
0
17551
15544
0
0
0
16391
0
0
0
0
12795
1463
0
14141
160
1036
0
0
12486
7180
0
0
0
15130
12670
0
3851
0
14714
10738
0
19682
4919
0
1017
0
0
0
11930
0
0
17024
10870
0
0
0
5292
0
0
0
0
0
0
0
0
863
10479
7328
0
0
0
0
10788
0
14804
0
0
0
2925
16693
0
0
0
13582
0
1681
0
5433
6449
10860
0
5410
0
4008
2383
0
0
0
0
17708
0
0
0
5133
1361
0
0
11923
0
5115
0
0
0
0
4818
17575
4444
0
0
0
19119
2186
0
7280
6116
0
0
0
14385
0
0
0
0
3701
0
0
11909
0
4414
5610
0
3214
21757
0
2092
1773
164
0
8371
0
12499
0
208
0
0
7271
0

=== CHANNEL 11 ===
13371
7844
14683
0
3029
13772
9454
5772
7573
5314
5902
0
30174
8949
230
6670
10245
0
16677
0
6538
5328
0
0
23122
10180
0
0
6186
0
4965
0
4361
0
0
6403
20354
9534
0
2962
0
8552
12794
0
29517
2723
9379
0
0
20455
13466
10511
4700
0
0
0
7513
15832
454
2179
7991
0
28072
20365
0
0
0
3469
11779
14327
12187
0
3069
0
0
15707
12389
0
0
0
7818
9579
0
0
0
1377
1683
15070
8776
0
7313
0
10244
0
16761
0
5278
18834
14773
9712
0
702
2821
0
0
0
2501
9420
0
0
0
3022
0
6087
3221
2017
5638
2129
0
22516
0
13132
0
0
0
7527
10505
16026
0
0
937
10209
9864
0
0
3203
4344
5551
0
31678
1388
4516
0
4115
13674
0
394
8504
8176
6740
1921
7366
3162
13378
14711
0
10106
14723
3089
0
0
14353
6122
3126
0
3455
10192
0
1148
790
0
16193
2739
19864
0
9321
7598
6322
7933
1712
19582
11320
0
10039
15846
9720
0
0
2312
9079
0
0
96
10751
0
0
2048
0
17359
10126
12264
648
17650
3001
0
19677
0
0
0
243
2275
575
2509
11070
12561
3175
10274
0
1897
1632
6428
0
0
14379
0
0
11243
0
4163
7630
0
0
12503
8469
19224
10570
6500
7454
1016
10549
10511
0
6625
6965
10680
11561
0
6001
0
4363
14582
1863
596
425
11675
3156
8208
4891
0
20786
1853
0
0
3088
8845
0
0
15729
2014
4428
6075
164
0
10383
1911
1654
0
11170
0
19050
7629
0
0
0
8268
6202
15925
0
0
0
8235
0
7322
0
0
20959
0
0
0
9982
0
0
0
4828
3111
11155
813
7453
1216
0
9202
8633
6606
0
0
2397
0
10279
0
3694
16656
25046
0
8182
0
11540
0
19770
11502
0
0
181
15646
1750
3299
1725
8953
0
7361
24654
0
0
0
0
3201
6982
12770
4157
5328
0
5206
9085
5792
8405
0
1095
0
0
18152
475
20620
0
7302
0
0
12046
0
5719
0
0
0
3187
3455
1131
0
4661
0
0
5453
1251
7924
0
6956
0
4312
8280
10376
0
0
7798
1613
5618
4337
0
5104
0
3252
5349
0
12535
0
17990
0
12660
0
8674
0
764
23840
14208
10675
0
4687
0
0
7497
10957
0
8967
2230
274
8129
6087
6696
9559
19706
0
0
0
22305
5708
0
4806
0
4746
0
16302
4206
3169
3606
15355
0
8119
18853
2113
8702
2906
12435
2621
0
5592
0
2967
0
2051
0
8262
344
0
2014
9384
16255
0
0
11704
0
9353
0
26882
4022
0
10372
0
0
0
17317
8873
4815
0
0
0
1024
12526
14942
3369
11826
0
0
5528
20157
3978
0
0
7573
12583
0
15149
1759
3245
0
0
0
0
0
3502
2258
0
16859
0
0
16236
0

=== CHANNEL 12 ===
0
1344
0
0
10492
0
0
7007
0
20835
422
16086
0
0
0
8422
10803
1801
10983
6094
10079
17533
0
0
0
9075
0
0
0
0
13339
2478
14126
13661
0
2258
0
0
0
6693
123
0
0
0
0
0
8965
5550
7508
0
0
2660
0
26878
15135
0
3818
0
0
0
5897
31362
12052
19243
20072
58
0
2741
10942
0
0
2795
22348
29953
1951
4965
18044
0
6927
21457
10095
7843
7146
13925
0
0
634
0
5910
3985
14659
0
0
0
0
0
0
9223
4341
9364
0
12186
11454
0
0
0
13955
13164
2212
0
4054
15400
8498
229
30595
5972
2957
0
20378
0
0
13400
14928
17919
16542
0
0
0
7223
0
13804
4976
0
0
8742
3307
0
0
0
28035
12498
1771
10678
0
10645
13838
0
0
4037
0
7538
0
6749
20815
3647
0
5856
14837
0
6679
16813
15838
0
16591
10839
15978
799
11750
15336
7945
2572
0
0
0
0
0
17335
2959
11636
0
9708
161
0
0
330
29524
1202
0
856
0
74
0
0
0
0
25849
1502
0
14810
1595
0
0
12760
0
6712
0
0
0
0
20243
24536
0
9241
2944
0
6732
0
16967
0
0
2929
0
0
14605
10323
5918
0
1886
7392
5963
0
0
0
0
0
0
1041
0
20169
10499
0
0
3105
26831
0
14886
0
15914
25680
0
0
0
3013
0
11246
0
14161
0
4804
11169
469
7601
0
0
0
0
34675
760
0
13550
0
19309
0
1034
0
3012
22306
12029
0
5228
8
0
0
906
2724
0
3725
0
9665
0
7031
0
12878
0
14669
3473
0
0
0
0
11229
0
19319
0
10015
13085
0
28167
4826
21865
270
0
0
0
14955
1099
4667
14383
11986
0
0
0
8335
5016
0
2687
0
10555
436
0
1190
0
7731
0
0
3445
0
8487
260
9213
0
6311
6545
6425
4524
9699
776
22101
0
7485
4136
2572
9455
0
10189
692
6951
3552
0
0
831
693
5350
10746
0
8883
15431
7995
2553
25092
0
19553
0
8943
194
0
1602
0
0
2748
15367
10602
0
0
7866
20370
0
11560
2117
11004
32406
0
959
3467
26290
7162
3576
1275
11628
0
0
6964
2142
8008
19916
10000
0
3561
1806
0
0
0
9258
0
7090
0
0
2557
0
2769
0
0
16180
9922
8508
1901
7819
25405
0
2449
20687
0
0
14708
0
22187
0
0
12150
0
5307
343
0
0
0
12370
0
4318
0
18835
0
0
14992
11987
18092
0
0
0
10834
4049
0
7318
0
15695
0
5477
0
0
0
0
17377
10546
2622
0
0
0
4925
0
21516
7466
16082
15238
0
31525
0
0
2473
0
4596
0
0
2240
0
3916
0
75
2010
73
0
5576
0
15302
6021
0
1245
0
12084
0
11369
457
0
0

=== CHANNEL 13 ===
5611
3920
0
0
11948
14997
17941
0
16616
0
0
16512
5890
19361
9198
0
9442
8266
0
20094
9557
12964
13784
23166
0
0
16376
15451
0
1851
5374
0
11293
5020
1418
5706
16816
11269
0
14652
0
672
5739
10535
0
16009
0
0
9326
0
23838
6394
17040
13281
0
0
0
0
12154
0
0
1438
15477
0
0
0
3722
2100
8378
0
14047
1759
0
7803
16891
8456
0
3829
10343
0
9112
5423
12287
0
13383
0
10427
9071
6072
14898
4457
0
0
4816
0
34735
0
0
7206
16173
11643
0
0
7823
0
0
575
0
7015
0
0
0
5245
1865
5374
0
0
11571
4981
0
15145
7162
3256
5327
0
0
9949
12443
8296
5904
6860
7902
0
4113
8702
1793
7253
5516
18194
2190
8773
10049
0
0
7386
0
0
0
0
0
0
0
0
3624
18282
8672
0
19439
0
0
70
0
9866
3395
20843
8188
0
0
0
0
0
0
0
0
6761
0
3148
1738
0
0
6401
0
5912
0
6049
19738
6094
10380
0
0
11081
0
903
17397
8643
2550
0
0
0
0
0
8403
0
6738
4536
0
2958
0
2178
0
1431
0
7899
4822
9486
18786
22094
11762
0
5277
0
16042
10658
16606
0
6738
5382
0
4480
0
0
0
0
12708
10348
8927
7478
0
0
12432
15241
16128
0
3507
17462
22938
0
17719
0
22461
2821
0
0
1241
2915
189
2746
1188
0
0
13352
17657
733
5384
6670
7566
0
13037
9792
7170
5643
7194
0
1985
9244
13470
0
0
8550
0
3343
17501
0
2830
14267
256
0
636
3548
5894
0
0
3461
13855
10912
0
16444
1677
0
6383
0
0
4138
0
2405
12107
5549
1256
2750
0
5224
0
9011
0
7036
8085
5824
0
11675
4683
5963
2146
0
22856
5727
0
11725
0
14877
0
0
1832
17335
2121
0
0
2007
7644
12278
6056
4545
3061
5050
9549
0
0
17553
0
6891
12608
0
9314
6505
0
8969
18300
0
0
992
8329
6113
9350
0
13981
9244
14115
0
19300
0
29055
3437
15121
6129
0
3243
4361
5867
0
0
17343
2058
6874
15435
5243
0
7533
9760
0
7148
0
10449
0
0
0
10313
0
0
17600
0
0
1300
0
8138
0
0
1235
3796
13211
0
0
8466
10830
0
16433
6054
17965
0
11633
7645
6982
0
0
0
0
13006
0
3412
15810
0
2864
0
13099
13229
22074
13644
263
15734
16579
0
0
4603
17087
17374
12195
1361
6106
0
9704
244
14059
0
0
23946
5776
0
9135
1255
3007
5788
0
8232
12774
8449
0
24965
9284
3284
7741
0
0
0
5200
7897
11448
0
0
0
0
0
19665
8763
3824
9683
1676
0
8113
0
938
5890
0
0
0
14472
13375
4856
2514
0
0
1389
10902
0
18704
0
0
0
1004
866
23396
0
9574
11567
18430

=== CHANNEL 14 ===
0
3641
0
0
0
8483
9862
18975
0
0
4263
0
0
0
0
7663
4206
0
0
5820
0
2891
0
0
0
4975
0
0
0
0
37148
0
0
0
4032
0
0
0
0
1645
0
6998
0
0
0
0
0
0
17282
0
1805
19265
0
0
0
0
0
14228
11228
0
8693
0
0
0
0
0
24222
3266
0
8562
17938
9576
544
0
0
8785
0
6221
11019
7800
2465
0
0
0
19831
0
0
18098
0
0
0
4513
0
7783
0
13541
0
0
0
10303
4104
0
0
0
0
10226
0
0
0
0
16272
0
0
0
0
0
0
3369
1435
3088
0
1117
28494
15905
0
0
0
0
8977
4830
7537
0
0
0
0
6757
0
4137
0
0
16154
0
13371
0
13264
0
0
0
7813
0
0
494
0
0
5917
0
3378
0
0
0
13993
0
5835
0
9360
6188
6485
1891
6459
0
0
387
3419
0
0
0
10677
16138
0
0
798
0
0
0
2182
0
0
0
7345
0
10802
2022
14160
889
10228
0
5892
0
6087
0
0
0
0
0
12544
0
9320
519
16430
11316
0
6557
12265
43
0
7229
7409
0
0
0
0
0
0
12019
0
15397
15
3208
5504
1039
0
0
12182
0
0
10678
0
0
0
11537
9724
1076
659
6496
0
792
0
1775
0
16351
0
0
0
0
1465
0
0
0
0
0
1621
3771
0
12107
0
7783
0
0
6449
0
10808
0
0
0
6022
0
0
0
0
0
0
0
0
4375
0
0
0
0
0
0
0
0
0
0
12499
1667
0
16563
15610
7436
4709
0
42041
0
0
2260
0
7462
0
0
0
0
0
0
0
0
0
16476
11258
8691
0
4533
0
0
0
1775
5903
383
2656
0
7962
0
2142
5605
0
0
0
1164
10772
12556
0
0
0
0
10342
5915
0
0
1605
0
0
0
0
11080
3864
5835
0
0
0
952
0
0
0
0
0
28721
0
15903
0
21572
0
1203
0
5867
0
2427
0
12583
0
149
0
8802
2296
419
16748
0
21049
0
19776
0
0
0
2512
0
0
0
18482
10614
0
0
20501
0
1659
0
0
0
0
4771
0
2334
0
0
0
13021
10548
0
0
0
0
8726
0
0
0
0
0
5448
0
0
1046
3772
0
0
11746
5128
0
0
0
0
1632
0
13827
15804
403
33530
0
8120
0
11950
0
0
380
0
13888
0
0
6410
11038
0
3668
4158
0
0
0
0
18460
8005
0
0
0
0
3192
0
13028
0
32790
0
0
0
23067
0
0
0
0
0
0
0
409
0
0
0
14999
0
9047
9662
0
0
0
4020
0
536
14042
0
0
0
7757
0
3888
0
19390
0
0
0

=== CHANNEL 15 ===
17123
17277
0
3324
10307
21574
16644
26986
11572
18583
0
0
0
11003
8158
7179
0
11428
0
11898
0
7968
29222
14089
2325
0
19727
0
19743
22213
16454
18869
23906
11178
4137
0
0
13954
2388
0
0
0
0
4696
0
3047
0
9714
917
0
0
17016
3459
18510
12221
4869
0
21565
2017
0
15586
0
9096
7812
14900
7314
11059
0
0
1747
1487
10388
0
0
16348
13470
0
12954
1640
15975
2106
6435
21591
13424
0
0
0
0
0
0
9263
11937
0
3380
0
7122
13852
3269
20659
13481
7485
0
0
5838
3798
11119
999
3064
0
3313
0
0
0
0
8194
0
2278
15412
16514
2602
13872
11298
3017
0
0
9845
6609
2753
3835
5713
4982
16945
0
0
0
0
2635
20571
0
7190
27905
0
13986
4635
0
248
0
0
0
2529
177
0
8798
4100
0
10476
7184
0
5819
9679
17658
2346
0
7933
10458
5012
0
0
9507
0
0
13617
7671
13902
0
10459
17014
22035
10389
23143
0
0
7505
3618
0
4934
10639
20310
1943
0
0
6697
0
11385
0
0
1994
4302
2215
0
4444
10322
0
5606
0
14340
0
13259
3397
7426
15360
1144
10493
0
4890
17428
7199
21436
0
10641
5347
3314
8055
2975
10659
0
9264
7591
21932
8643
0
0
0
0
1987
0
5091
0
0
6363
4966
0
6346
13145
0
9598
12946
2652
27310
0
0
0
18509
0
4077
2561
694
10811
24977
1198
1943
0
0
0
0
0
13983
0
435
3612
0
904
12498
1467
0
0
0
0
2271
9369
24380
5368
0
0
624
10594
0
0
7898
0
7526
0
0
7365
0
0
27144
1547
4085
0
4149
4451
9418
0
1394
0
0
6410
10413
11510
0
8940
4806
0
0
20616
0
14452
18561
7723
0
0
7912
0
17864
16992
7080
4593
0
1049
4802
0
6570
17345
9760
0
17649
8610
19763
0
15572
5334
0
0
499
10818
1137
21417
3517
4652
347
2131
0
0
3951
14800
3075
0
3840
14368
0
0
24013
7315
0
2248
5600
0
0
0
0
0
23916
3124
255
8285
9464
10477
21662
3216
0
0
14365
1478
140
3951
1089
9027
0
0
0
1612
0
0
12163
4340
0
10949
18748
13836
13710
0
0
4041
0
0
0
701
0
16492
0
14487
0
1252
0
0
2071
0
340
8133
0
13710
13746
1360
4041
10524
3999
0
0
0
15532
21308
0
276
0
11421
12590
5479
7121
10395
0
0
5824
0
26190
467
9343
0
9813
0
12505
28883
20282
0
2241
0
2190
0
6081
26157
0
16272
10102
0
800
0
5997
0
0
1424
0
7157
0
0
5421
0
12437
0
0
0
0
915
12707
842
0
0
5801
0
0
8420
7961
9871
0
0
0
3080
7125
0
0
5920
6936
0
13675
18267
0
19275
0
0
15837
2763
0
3121

=============================================================
