=============================================================
DECODER OUTPUT D5 - PER CHANNEL DUMP
Format: Channel -> 512 Posisi
=============================================================

=== CHANNEL 0 ===
0
0
2787
0
23098
0
1542
0
0
0
6027
13004
0
29879
2185
1955
0
0
0
14689
0
17892
0
12147
24902
1445
0
2469
12714
0
1532
9105
9631
21994
4915
0
0
0
9774
0
8538
0
13528
0
19246
11927
0
0
12254
3036
0
0
0
2004
0
14114
12504
0
0
0
1409
0
5762
0
0
3571
0
2117
23261
15196
10518
12281
7949
19394
19547
0
0
23051
0
6468
0
0
92
9588
0
16180
0
8431
576
17490
5891
8386
3692
7677
0
0
8817
21152
0
23107
14865
8286
0
0
10710
6973
2550
0
0
0
0
4947
0
18633
30391
0
2348
0
18938
0
0
0
6343
28162
0
26310
0
9632
0
14876
4753
1820
9079
19373
2063
24216
25795
7576
9875
7121
0
5367
9139
692
572
11479
16554
3986
0
11976
9906
765
0
11778
323
2618
0
30329
0
3458
6280
0
6022
0
12605
13342
0
21926
0
0
304
0
8910
0
15888
0
6474
4486
12905
5244
0
2790
3825
12271
0
4369
14185
0
0
2712
10344
21973
7852
0
0
7618
0
4585
9328
0
16391
0
7824
18893
0
5575
4385
0
2988
5512
10176
0
7165
0
2709
0
2607
12605
14869
9771
0
0
19500
0
0
32246
0
21437
5351
12522
10688
22474
0
9599
9369
13385
0
0
4057
7207
29838
0
0
6744
11769
0
0
7859
17798
8891
0
889
6796
46352
0
4855
0
1885
27562
0
16720
2116
10474
18149
24468
15273
4179
9857
4361
0
5025
10851
715
9584
0
0
0
0
0
0
7755
14035
155
0
11882
2199
2475
25073
0
12573
5780
13853
9259
9592
0
9089
0
0
0
0
4696
0
0
0
1851
12162
6585
16381
0
0
0
0
8604
3217
32771
0
10025
7366
4082
9042
0
4996
0
0
1404
0
0
11438
24599
6231
19574
6292
19101
0
28989
7057
12738
0
3459
7559
2172
14716
0
0
25600
0
21735
0
0
2008
0
0
3219
0
3305
13616
0
0
3271
12843
2620
25004
14394
14757
0
24454
11485
1547
6295
6515
0
5167
18158
4031
10711
6916
0
14893
12447
4908
0
27247
14355
33108
0
0
14265
20274
8139
16267
2859
1442
10173
0
14818
0
4862
3200
10716
9946
0
11836
1064
20880
0
23540
6077
0
21097
0
10492
0
4246
0
27497
0
4908
7488
0
0
6559
3472
10352
0
18217
15069
20827
7768
11403
6196
0
3847
0
4126
12556
0
2750
1041
3768
8124
1220
17319
12450
659
0
6464
11210
0
6543
6270
2187
24329
5403
27313
16036
16102
12275
0
6279
0
8201
11780
4943
3408
3979
0
0
17846
3592
7685
7364
0
0
12730
13631
11711
12095
17952
0
2079
0
23189
0
10367
0
36857
0
0
2587
3005
35200
15672
22299
20050
0
0
0
0
0
24075
0
25418
5198
23237
0
9514
25503
0
2558
0
15681
0

=== CHANNEL 1 ===
20769
839
3514
14897
0
12706
0
11642
0
0
6829
0
5275
670
10483
0
0
0
3620
7500
10170
1728
16820
0
15447
0
11730
13611
11767
8265
28518
719
0
16280
0
7125
0
11224
0
10947
0
3526
0
8356
0
17305
19427
12353
1748
0
18922
1231
9493
13043
2703
3863
12977
17234
0
21332
0
20845
0
1201
0
13088
3155
0
0
19488
5156
6488
5100
0
0
0
17537
0
0
0
0
5150
9629
23136
7875
0
0
0
0
0
0
27029
4552
24122
24698
11753
23707
3724
6762
15540
8483
1862
0
17000
0
19732
11674
6507
17580
8032
12906
8507
342
17678
12549
0
20646
0
2789
4953
11909
0
7606
4825
0
3540
13887
6467
0
5351
10160
0
0
0
2260
10988
0
10152
0
20982
3204
16133
12396
0
15567
4808
3450
0
7633
3548
8211
4034
21065
3987
1220
0
0
0
7902
0
0
8936
9265
0
11565
2870
21026
15354
15740
14311
0
16285
0
13750
5559
2977
9665
0
0
1941
0
0
7745
0
1384
9943
6905
14690
3959
0
0
19000
14475
9695
10427
0
0
0
15244
21625
3441
0
1835
0
28185
0
4691
5080
0
18614
16245
7113
12491
20644
11179
10661
6666
11426
409
2499
12336
6313
0
7817
12711
395
7609
10013
0
1893
0
17134
0
0
0
0
0
21255
0
13864
8599
1450
0
8578
0
5216
15407
4494
0
10802
0
0
15148
5288
0
0
0
3987
23776
9805
20021
0
0
11065
0
503
12174
1547
13563
3486
0
2418
0
8838
22053
11539
9339
1476
0
15378
0
0
11410
6755
3211
0
17949
1106
0
0
7203
20978
20697
19922
6152
13067
0
3343
0
0
0
13921
5048
12650
0
11152
5305
25425
12293
0
20280
19031
19611
23486
11460
14944
0
10515
9627
13167
12520
15857
16873
12475
10392
710
0
1179
0
1658
0
0
1486
20618
19684
19372
7102
12101
0
21821
24521
0
8966
3826
9251
9612
12875
15757
1899
0
4916
0
6080
18476
8126
0
0
0
4413
10299
17010
15152
905
12259
14316
9360
537
0
866
8108
2947
1918
8138
33102
839
0
4168
0
5700
893
0
2884
0
10453
0
5988
0
16094
17440
0
13771
0
0
0
13243
12180
12356
0
0
1387
2487
0
0
327
7723
7383
23
0
0
0
0
2732
2385
1865
0
17923
3875
1028
1545
9697
9449
6182
3235
2528
0
8249
18473
9126
3252
17890
12674
1790
17641
0
329
0
0
3194
0
25582
22037
364
434
0
3780
3270
0
0
8105
0
0
0
5173
1255
20228
4215
176
16134
0
0
0
0
0
2126
5294
3273
14758
15894
17032
14009
13063
8439
0
10585
0
4762
4941
0
7928
4984
7131
0
10764
0
0
15625
26557
0
22298
17911
0
0
0
0
10586
18647
18698
5752
298
8689
10567
0
0
0
0
7024
0
0
4901
3978
23947
9795

=== CHANNEL 2 ===
0
11755
0
794
0
22954
7686
13619
3393
13771
0
3519
10322
0
7225
2496
0
0
0
0
0
6862
14798
9423
0
0
4699
15091
4799
7129
0
0
7990
11112
18577
3933
0
902
0
5788
0
12162
1291
4372
0
20458
21825
3467
16983
17183
14779
3507
0
0
10503
0
0
10033
2250
31744
3272
26894
13448
0
0
0
0
0
0
0
6505
10373
0
0
0
1064
6210
0
6634
9187
0
0
0
8588
614
0
0
11440
0
0
0
0
0
0
13911
6002
6988
1324
20822
14907
20115
10179
17599
19547
3228
0
0
0
0
10824
2310
991
1240
0
0
10886
16330
11561
1502
0
8249
3144
0
0
0
10335
9360
3898
9792
0
0
0
605
0
17181
0
0
0
1422
11109
8319
17312
201
0
0
4124
0
9287
0
0
8698
0
0
0
0
4601
3239
6059
14027
1758
0
9682
9717
3544
4209
2245
17040
0
5965
13245
2292
1784
9191
17110
9359
0
0
5139
0
0
0
0
0
0
0
0
0
3015
18705
0
0
5540
0
445
0
14413
0
0
0
3535
0
10661
0
0
0
7959
0
12417
0
17656
0
3484
4330
5031
8127
0
0
10521
2577
1271
12871
0
0
0
14426
12292
17186
0
11154
0
1247
2828
6527
0
17422
0
9184
0
0
8421
12648
0
0
0
0
0
1929
29897
1377
1465
4556
0
0
6144
0
0
0
11957
0
0
0
0
0
0
0
5866
3636
10978
20969
0
4170
10172
8233
0
4585
3748
0
0
0
8399
2806
2059
5253
12871
0
6094
0
0
1694
0
3625
0
5991
0
6514
8200
0
686
0
0
0
11195
23510
19803
9918
0
11520
0
11357
6089
0
0
0
818
342
212
1936
13232
23052
14114
23093
1907
6738
1955
0
14806
3200
9483
8225
14784
8292
0
0
14604
0
9181
14317
8692
0
1274
4781
3431
1558
0
8417
11475
20838
7479
319
0
3152
0
0
5960
1221
0
3198
8792
3751
0
0
6763
19406
0
0
0
1639
5491
0
0
12536
5372
10665
15155
6724
0
2191
0
0
0
0
0
250
8962
6110
4912
1634
11450
0
0
13625
10081
18958
0
0
19985
9280
0
0
0
0
17161
9631
0
0
0
4090
6328
0
0
908
6733
2800
0
0
0
0
0
0
6127
2897
10050
8179
0
0
0
0
0
0
10116
7811
0
0
4478
0
0
0
0
14274
0
8565
18305
15934
931
0
7459
4467
9383
0
2070
0
0
21031
6364
10463
9868
16814
12156
0
0
0
14591
23221
0
2008
0
0
0
0
0
0
0
0
19119
13766
11955
0
0
4041
18316
14533
0
8482
0
0
0
21297
20838
12125
7794
0
0
0
7683
0
1361
14635
6169
5424
10418
2563
5239
20301
6218
0
8794
6772
0
0
0
0
0

=== CHANNEL 3 ===
0
10066
0
0
13655
0
0
0
5240
0
19474
0
2329
0
12660
0
0
0
0
9086
0
0
0
19254
0
1861
0
16662
0
2182
0
0
0
0
0
0
0
0
0
0
135
0
0
2383
3267
17934
10455
0
10622
19016
18623
2340
0
0
0
0
11359
0
0
0
33502
3290
41001
0
0
0
0
0
0
0
0
0
1203
14865
13408
0
870
10932
22321
0
15054
0
4917
0
12944
2946
0
0
428
0
0
8037
0
0
0
18094
0
22210
17655
4391
0
0
26704
2443
0
15129
0
0
12941
7084
0
0
0
2880
0
3592
0
11602
13190
6001
7820
2235
0
0
0
0
0
20625
8990
0
8916
1055
0
0
3565
0
0
0
0
990
0
22711
0
0
0
0
0
0
0
2239
18401
5106
0
0
0
0
9198
0
26194
0
1477
0
18753
0
5406
5695
7579
0
32833
0
19328
0
0
19054
0
0
0
0
0
2534
6845
0
0
0
0
0
0
0
0
0
0
0
2885
0
0
0
0
0
0
0
0
0
19707
6992
267
0
0
759
17935
0
10429
9928
17777
6636
0
0
4758
9246
0
0
0
0
0
0
0
8874
0
0
12543
0
19721
5522
0
0
0
0
0
0
0
0
14933
0
0
0
0
0
11205
4114
12224
0
0
0
0
0
0
6366
9569
10029
0
0
0
3704
1198
0
0
12002
11228
232
6605
0
719
3342
0
0
0
9152
7410
0
1721
0
0
1840
0
0
0
0
0
0
0
3215
0
7643
6452
0
20560
0
20442
0
0
0
0
0
0
0
11703
7818
2085
6773
0
0
10035
0
0
574
4991
0
0
7012
7002
10138
30696
0
0
0
9246
0
0
0
0
9557
2184
0
0
0
0
1814
25492
12280
0
0
0
0
10686
7986
0
7922
33649
0
9687
0
0
0
0
0
0
0
8510
1297
24801
0
5812
0
0
762
0
0
17957
0
21080
0
0
0
0
0
0
11062
0
0
13541
13780
0
13437
0
0
0
0
0
20417
0
0
0
0
13315
0
5953
2939
0
0
0
9833
11593
17377
6289
0
8072
0
0
0
0
0
0
0
0
0
0
0
3771
1286
0
0
5659
6638
0
0
0
0
0
2476
0
0
0
0
0
0
4606
2951
0
455
15878
0
0
0
0
17946
0
0
0
1292
8011
21175
0
0
4932
0
0
4456
21146
0
7206
0
3586
0
10756
14759
0
0
0
0
0
0
0
0
0
0
0
0
15756
0
20293
1536
0
0
0
0
0
0
0
7831
6496
3310
37837
0
19954
25901
0
4356
0
0
0
0
0
0
0
0
26327
0
0
7146
3462
5362
0
5984

=== CHANNEL 4 ===
8335
0
0
0
164
12511
6242
0
0
0
1009
4464
0
0
0
10125
9475
0
0
0
0
6670
0
7467
0
21583
5040
13026
922
12171
9094
583
0
11349
15449
12447
0
0
5678
8268
14475
0
0
16198
4152
13137
16774
11378
29175
4100
2146
0
0
0
0
486
0
0
0
0
12481
0
0
9233
1893
2937
0
0
16112
1247
3242
0
9784
0
22626
0
10688
0
0
15785
0
4756
4507
0
5920
0
0
6373
4387
0
0
345
14960
0
11179
0
12883
30272
0
15631
7354
28386
0
7780
18701
0
17378
3187
14063
0
0
0
0
18151
5748
16509
0
1897
10484
0
7973
2921
3347
6991
0
26202
7312
1745
18434
0
5227
15997
13815
0
12479
2496
8154
3632
11365
0
0
15323
14911
13840
8310
12598
7860
2495
0
0
3811
11245
887
0
7909
0
0
0
15666
0
0
22675
0
0
0
16764
0
6845
0
11726
16270
0
0
18362
10506
0
0
26507
5325
3939
0
0
0
1785
0
3021
13958
20552
176
1232
4667
0
1773
12795
0
20329
0
15318
0
7157
13759
2022
15568
6091
0
7397
0
2547
2115
5507
0
22349
1260
0
1637
0
0
0
2809
0
11339
25703
5610
9353
8625
0
0
11180
0
0
8906
0
0
2218
9406
25290
0
1998
11193
0
0
11636
3869
0
10959
0
6252
0
7884
0
2139
9119
4460
7051
7716
25878
4473
20860
4802
0
0
3108
0
0
5581
0
20239
8081
12152
8012
1978
11506
4369
0
11351
15249
6931
0
0
0
10262
15146
9825
521
4660
12375
1849
0
11592
5516
15986
8454
9621
0
6079
0
8587
2116
0
0
4983
6479
1664
9802
0
16924
15374
3945
2055
5062
1966
0
0
6170
0
6911
0
0
16657
29927
5490
10799
6671
7430
0
5541
0
3042
23138
0
4699
12929
0
8335
14770
0
7371
6186
2182
0
0
17107
0
1370
2357
14183
1142
968
4685
15934
12067
18492
0
10036
3044
5844
2726
4213
4675
11619
2214
13684
4390
7946
1865
0
7211
12252
0
12996
0
3687
0
9441
22586
0
0
7871
5049
0
0
6968
0
4045
0
25083
6012
0
12918
8172
3316
0
14294
15021
0
0
0
41
3942
15954
524
1222
3831
0
0
12191
11813
11846
1738
0
12071
0
14764
6647
7572
0
8199
0
5111
38911
18175
0
0
6230
8867
5151
15902
5344
0
7953
8962
18106
0
0
6927
0
2883
0
241
6894
1879
0
14429
7799
0
15641
4523
0
10610
0
0
33495
0
23314
7885
14548
20912
0
9463
0
20091
8518
22333
18737
0
3253
6382
12052
3266
10575
1328
6937
6573
8358
9380
4199
8643
13297
5606
0
1752
3871
0
42440
15633
4620
0
22775
21973
0
16486
0
10099
0
0
0
0
5578
10960
0
3801
11512
7473
10046
0
2286
7649
0
0
0
119
0

=== CHANNEL 5 ===
9885
6195
9936
0
0
0
0
3928
0
0
0
0
18044
0
18153
13473
4231
0
0
0
4409
15655
5347
0
5076
0
0
11009
0
32897
2032
0
0
0
9177
0
3224
0
9365
0
3432
0
0
0
1953
1856
40272
6415
2006
0
7709
19922
12137
28799
0
0
3053
0
0
0
0
0
16071
16210
0
2321
10936
928
0
1021
1331
0
19762
0
0
2261
0
5
13441
0
14828
4377
22309
11106
15953
5884
2148
0
0
7941
8301
25195
7611
7436
8213
4889
6844
1131
30227
0
12475
0
5626
9491
24060
39010
11437
13062
239
23670
0
0
6954
97
6502
0
11311
6739
0
0
5071
12962
18813
9994
10752
0
0
0
19457
8497
0
0
3498
9139
17674
14236
23527
10798
0
0
11957
28751
18126
35462
32758
28613
0
0
4982
0
17214
18983
10030
19667
0
0
2327
0
10386
0
0
0
0
29851
0
29328
13060
14377
23086
0
16838
14302
0
13968
13209
0
8250
2833
0
14231
168
7554
17049
0
15947
5190
6590
9400
0
10244
0
5529
12607
0
21120
9108
513
21835
15360
16316
0
31379
0
18165
22435
11526
7792
0
16333
16229
27961
15595
4583
6139
8781
0
0
1949
16474
0
8287
19047
2671
27988
5809
0
0
0
0
22719
0
16357
14334
12294
0
2002
0
24932
2176
15407
0
0
0
20076
10096
10629
3483
0
8226
0
8302
2666
22366
0
12610
0
0
19560
14349
37547
29555
12244
23868
0
15375
3764
16216
0
1041
5294
0
0
20522
788
4675
2934
0
12088
0
0
11030
3362
11899
11174
6877
29553
15244
0
6476
0
2582
8221
10281
0
5706
0
0
0
0
4137
0
0
0
0
9734
16565
6895
33061
0
0
10334
13630
0
15035
7771
0
3039
5754
17793
0
14549
8259
707
23093
0
20458
21940
0
1352
239
8612
0
11032
18591
4238
0
0
1564
1521
6089
0
0
0
331
0
0
10904
11810
31960
14879
22105
15797
0
19036
0
0
6848
0
8536
24798
0
6421
13749
31395
16351
13208
18845
3104
11969
15750
17782
10573
0
3370
20356
11032
6406
14842
0
0
13312
7088
4819
0
8495
4559
12379
0
11249
14911
4728
13071
0
4420
3707
5178
26671
0
2476
0
2779
0
27281
4951
2742
0
6085
20518
0
3060
0
5011
3574
15337
0
6004
21048
10065
6004
39885
0
2024
17455
16157
9177
11534
4898
19115
0
6858
6667
17814
10864
5703
32431
0
608
7794
0
4056
12008
17131
14205
19929
4692
15331
24730
2432
0
16605
18474
29877
18166
25123
20396
0
12645
18698
10028
10028
3821
354
885
5167
10996
19519
6046
28762
0
8151
7773
3291
0
0
0
0
9108
0
15096
7364
6243
0
18632
15163
8043
14821
13171
10356
0
0
28512
0
16906
1253
0
4201
9104
21487
0
27948
8693
0
10811
0
20314
15825
9891
1205
0
0
15645
20226

=== CHANNEL 6 ===
0
0
10439
0
0
9389
0
0
4611
27075
0
695
2731
0
0
12
0
0
647
0
0
8848
0
0
0
208
0
0
0
0
0
0
7839
7256
0
12023
11347
0
0
0
7888
0
1658
3329
0
199
0
0
3898
6531
0
6089
0
0
0
7369
0
4227
26289
5701
23871
12638
0
1539
0
395
0
0
19671
0
0
0
12919
2345
0
0
0
1309
6416
3485
8342
8875
0
13786
0
7842
5478
0
7513
0
0
0
17176
0
8590
0
0
0
0
0
0
41
0
4033
0
0
0
0
503
1306
14674
0
0
6380
2094
8570
0
811
773
8943
0
666
4649
2080
0
0
16553
18310
5924
0
10122
0
9168
0
0
0
0
963
4255
0
6633
8388
3467
0
0
1838
12098
1289
0
0
0
14088
0
0
4281
4383
5311
0
8281
8261
6864
9048
0
9725
1535
0
0
0
18001
6115
21571
0
1851
8622
0
9235
3321
0
2546
0
0
284
0
4132
8060
0
7877
0
0
0
0
0
336
3595
0
17598
0
0
0
0
0
3769
0
0
0
0
0
9483
4584
0
1952
0
3408
1624
0
6398
0
5499
9861
5903
414
0
0
0
0
4756
0
0
629
0
0
3092
0
0
4662
0
3361
0
3139
0
0
0
0
3550
3009
0
6997
372
12828
7313
0
4584
6411
8967
0
5912
14921
0
0
560
0
0
0
0
7037
0
1795
0
0
9259
2739
17100
0
3111
239
0
633
0
18682
7876
0
17548
18425
11875
5988
0
0
4951
636
7574
22862
8528
4575
646
9011
3746
11080
0
145
0
0
0
2976
0
740
0
0
2442
0
0
0
2425
0
0
0
0
0
0
1688
11164
7498
0
0
0
0
0
586
0
8671
2527
0
0
0
3396
8118
0
11258
0
0
0
0
0
1146
0
0
1611
5072
0
0
0
3512
0
0
0
0
0
0
5236
0
0
10485
0
0
7191
0
7921
10895
8638
4818
730
0
0
3350
0
16221
0
0
1802
0
0
0
0
0
0
12319
1626
0
8924
0
0
4810
0
0
0
0
8219
0
18985
5344
0
7091
10063
462
0
0
0
0
0
0
0
13296
0
0
7289
0
0
578
0
0
0
0
0
0
0
0
0
0
1431
7865
3992
0
0
0
21791
0
0
13947
0
0
0
0
0
0
0
0
14404
12006
0
9781
8134
0
9859
0
6960
9627
0
6644
0
7459
0
10610
0
27565
0
3645
0
0
0
0
0
0
0
9505
0
9381
3126
24112
11618
0
2004
0
2707
0
0
18834
0
0
1584
1434
0
0
0
1393
19241
0
0
0
722
0
0
0
5144
0
8448
0
3160
0
0
0
0
0
0

=== CHANNEL 7 ===
15983
4201
0
0
0
12687
0
0
0
14648
0
6822
15369
0
0
0
9893
11692
21415
4033
0
15278
2882
0
0
0
12861
14267
0
10186
16038
2546
0
0
7678
0
4283
3319
0
14418
397
9661
0
5693
10526
2168
0
0
0
0
284
0
11370
1994
0
0
0
2076
0
12182
12860
5658
0
0
28568
198
25209
4161
10922
0
0
0
0
0
0
0
0
8273
0
0
0
0
0
13760
0
0
0
11570
21371
0
0
0
16072
3747
0
8269
4885
4181
0
0
19840
5707
145
4341
9848
4446
0
0
2632
1830
0
9356
0
0
523
0
0
0
5954
9229
5229
2143
1914
11029
3548
0
970
6259
4473
7557
0
0
14551
0
0
3943
0
9882
5219
5748
0
0
1560
0
3536
0
3441
8552
9
843
0
0
13870
0
0
16117
19968
0
0
0
0
7510
0
6978
0
8239
0
0
0
7560
0
0
0
1677
0
12150
0
0
13771
13730
17147
0
5858
1068
7837
0
12948
5837
5462
744
13607
15435
1197
0
0
17036
10247
0
7197
6289
11085
9603
8522
0
6469
0
0
0
3776
4544
0
0
1540
1262
0
2682
7636
0
0
0
0
17
352
0
0
22086
12289
0
0
0
4887
13884
8246
0
0
0
12589
4278
14874
7735
0
0
1712
0
4057
6329
0
0
0
5657
0
0
3573
0
0
0
10533
7034
14439
17975
8997
0
13232
0
5796
3258
12271
0
0
0
0
0
5787
0
4475
0
2412
0
0
1261
11442
0
0
0
6585
9939
0
0
0
0
5516
11724
0
0
0
0
0
6372
11710
18121
0
0
1395
0
0
821
0
8795
0
0
9179
0
0
14482
0
35726
4344
14797
0
5810
1530
11035
8059
11486
0
0
0
0
9915
0
0
0
0
0
0
0
0
15419
11770
0
18056
0
0
0
0
4923
0
15724
4666
0
11861
0
0
0
0
0
11688
0
0
0
11328
0
2137
0
6597
6294
0
2499
2229
3287
11889
0
0
0
15803
0
0
0
11556
882
12977
0
0
6292
6883
0
5691
17402
11628
0
0
0
0
0
0
4941
0
0
0
0
4238
13700
0
0
0
0
16304
0
554
11013
11694
9540
12490
0
0
0
5774
0
567
0
11739
11254
0
0
16743
0
0
0
0
0
20142
0
0
444
0
8886
2029
15807
0
3369
1733
3012
10397
1706
0
0
19174
0
5083
3883
0
0
10590
0
0
5720
5981
3962
0
14381
2440
4659
0
0
2225
0
26
2409
0
0
0
688
20335
0
480
0
13245
5758
3546
10803
0
0
0
6066
34489
0
0
1012
4853
0
0
0
1342
2399
0
0
0
7499
10841
16355
4564
0
0
628
0
0
1681
0
6322
17973
1137
0

=== CHANNEL 8 ===
0
0
3776
1069
10577
1920
8129
0
0
0
5275
6220
0
0
363
13797
0
0
7557
0
0
0
0
0
0
0
0
12353
0
0
0
0
0
0
4235
0
1959
8811
16783
2103
7071
0
4784
11911
0
0
0
8054
11354
6846
0
0
5301
4965
5601
0
0
0
5872
0
1078
0
2548
14127
0
0
1040
0
480
0
0
1461
0
0
1355
0
387
16527
0
1433
11838
0
5993
208
0
8527
6178
18629
11106
1977
4132
0
0
0
2020
0
5704
8994
1155
30107
0
0
16436
2690
2728
0
0
0
0
0
0
0
8514
20058
0
11052
0
5648
0
0
5242
0
1857
21380
0
0
1739
3325
15960
9591
0
11144
0
12924
15275
8779
2734
0
9420
0
0
19773
0
3541
0
8782
8867
1388
18098
3186
0
4179
0
0
3153
0
75
0
0
0
16383
4831
1768
0
990
12309
0
0
0
0
0
5742
14296
0
0
0
8518
0
0
8143
1450
0
6117
0
6691
0
3516
0
1729
683
6169
0
11214
7543
0
15538
0
455
0
4372
4431
0
432
5317
0
9340
0
4620
13423
882
1557
0
0
0
3652
0
20659
3646
6002
4389
0
0
0
11949
0
294
18059
0
0
1966
4332
0
9098
21930
4831
17848
4215
3373
5358
0
0
0
5822
0
10450
0
0
2900
3113
786
17526
379
0
0
12352
0
0
0
0
0
0
0
413
0
14675
0
4091
3253
0
3631
0
9183
0
0
0
15208
0
2914
4100
2109
0
15362
2578
0
0
0
0
0
0
2888
0
19399
0
0
7253
0
3163
5239
10892
10774
3969
0
0
6007
16304
0
8633
0
0
0
0
3119
0
466
3619
0
871
0
0
8485
0
10417
0
7290
259
0
2798
0
146
6853
0
7910
14560
0
0
0
6517
0
19131
0
0
4059
0
0
0
14404
0
7592
0
6071
0
8310
0
0
0
0
0
7979
0
3488
0
28744
12234
0
11106
3487
3798
0
11490
16467
8664
16754
6570
0
0
6855
5891
0
0
0
8093
7843
3723
16381
8208
0
0
0
4126
4630
0
19952
0
0
0
0
4570
14251
0
16281
1253
0
16356
12658
0
26492
3167
0
7486
0
10547
4730
0
0
0
5964
1537
14728
0
203
0
12543
4151
4198
0
509
7025
14411
0
0
0
0
0
0
0
0
10414
18963
6488
0
0
0
0
2378
12793
9243
0
3836
7969
10188
10158
0
0
19278
9261
21039
8220
0
11161
0
19815
9105
3604
5443
3276
10808
0
0
296
0
1782
19004
24360
0
1061
9669
2202
9122
1854
0
0
13233
15637
18342
0
3631
0
11613
0
0
1570
651
18560
0
0
0
0
9759
625
7869
0
0
122
21112
9706
0
0
0
0
3377
0
2489

=== CHANNEL 9 ===
5454
0
0
0
0
0
0
0
0
0
26658
0
8866
13123
6790
0
26711
0
2531
12349
5307
6027
13763
0
7287
0
6893
0
8545
5152
0
0
6180
7904
0
3997
7653
16932
4786
0
0
0
0
0
0
0
0
0
0
20244
5137
0
12541
26280
26614
14902
3413
295
0
0
10335
2260
0
2328
0
37665
20904
3580
15090
0
0
11685
14771
0
6466
0
15595
2114
13118
0
745
13936
3921
0
9024
0
980
15649
24819
9831
0
11989
0
22806
10494
0
5054
2633
9766
0
591
1311
1897
2961
0
10022
16784
12734
0
18138
21015
18921
15270
7301
0
9542
833
1799
17086
16866
0
1780
756
21083
13463
2293
4972
3305
25071
18200
3028
0
15243
32355
1849
0
0
2558
0
20398
3376
14961
14555
0
0
8600
508
16660
11824
16462
6691
24673
0
0
14202
22892
17420
0
18329
0
0
0
0
0
0
11375
35
1751
0
0
0
16937
12682
7283
2168
13493
17412
11183
469
0
9694
18107
0
11248
1206
1963
168
22298
10240
4403
0
13546
2266
0
3020
0
0
27306
5157
0
0
3475
2779
202
3804
3519
12065
0
0
0
4957
0
1131
0
12560
4721
0
0
0
3732
942
0
0
18396
15855
29747
5758
510
12418
0
3069
19833
29492
10734
21253
13957
0
0
1269
15646
0
3232
0
0
7788
12240
5008
0
5727
0
0
0
194
1991
16920
0
17810
20678
9043
1370
0
20846
5719
14868
13499
0
2932
4224
0
0
0
0
0
17575
2783
0
13161
0
8946
21731
11059
0
0
26052
5914
7338
4664
0
0
11321
4629
0
0
24413
0
0
0
12539
15034
11587
16341
14490
0
0
16725
0
0
26096
25994
12594
13103
2922
0
2055
0
0
0
0
0
0
0
11542
0
5647
0
0
0
2455
7882
0
2029
15325
0
0
0
13394
8960
0
14780
12401
9506
4736
15607
0
13642
0
7488
0
0
6547
278
28920
0
7591
0
0
4618
2510
0
0
0
0
12559
19387
5603
4003
21338
9345
9877
2396
5121
5185
0
17669
24027
0
29230
753
24307
24542
1807
11560
10866
0
3030
0
0
6272
2419
0
16059
20
0
0
150
0
10585
0
35943
85
4929
4204
0
16135
28807
15906
2996
11563
0
0
5285
4095
11968
18812
11682
3889
29569
22682
0
18058
19189
0
0
0
2393
27628
5026
16341
0
0
5670
12636
552
0
7043
8650
10034
13275
5218
7779
9346
21501
4019
10662
5296
11817
15332
0
9871
0
0
3156
0
0
0
0
15058
0
0
1276
9377
2929
10288
12470
8958
18380
17753
23888
0
16454
0
0
0
11232
9153
0
0
0
0
0
17900
0
0
0
7124
11162
0
0
4366
0
0
0
0
11810
6072
8385
23143
3121
5506
25531
18804
0
4621
24371
15873
0
0
32358
12621
4862
0
19253

=== CHANNEL 10 ===
10420
0
0
0
4390
6960
6830
14626
0
0
5996
0
1332
0
0
0
0
13914
18146
0
0
0
9864
0
6219
0
5506
0
5000
0
426
0
0
0
0
20324
4487
2167
0
0
0
0
0
4620
0
0
9136
2020
6469
3925
0
0
12273
0
0
17315
3989
6345
0
2312
6939
0
0
819
8298
1990
7723
20104
20942
0
0
0
1322
5620
0
6153
0
3645
0
0
0
11076
2859
0
13444
5291
1594
5378
6785
4542
0
0
10107
0
0
0
0
0
0
5120
25199
4638
155
6181
6232
0
0
0
2795
0
0
3325
6725
0
39
4852
0
11162
9823
0
0
0
0
10279
0
21
472
0
0
12134
0
6804
14744
0
0
12300
7867
9288
3789
0
2226
0
0
0
6655
0
0
0
0
13735
0
0
10643
15515
11051
13787
0
14816
0
17967
0
0
2319
12615
2437
0
4311
9440
12561
0
0
0
0
490
10345
12375
444
0
0
0
936
0
0
0
1929
7375
22734
0
0
0
0
0
0
0
4128
0
5114
0
0
5145
12403
6111
11157
2857
0
0
0
4580
2653
9101
0
0
2864
0
0
250
17632
3843
545
0
0
754
17781
0
0
5207
1098
14872
4450
21381
13524
1404
0
7159
6978
0
0
5043
6692
2653
8350
2739
0
19416
5852
0
0
0
18416
6949
0
14901
0
12409
5186
22479
12490
0
0
5411
11457
3896
4300
8066
0
2481
0
0
0
0
0
4537
9184
14604
15416
0
16407
0
0
2488
8757
7126
747
11865
25024
0
0
0
0
0
3535
0
6805
1444
0
13887
0
16719
0
6430
0
0
13736
4375
0
4958
0
0
2190
21933
26501
0
0
0
0
4018
3018
0
7203
0
0
9127
0
0
0
2338
6972
5818
0
0
2142
5359
0
18661
16019
18
1696
6460
1545
5345
3794
11679
5227
2000
0
0
0
0
19263
0
4553
0
3030
2301
0
9775
24618
3144
0
0
0
0
3241
12027
13004
16907
5004
10060
5311
1009
5233
18114
1325
0
0
0
0
15079
13910
0
0
15111
8778
13284
3645
0
11113
939
19310
5655
0
0
8477
0
0
0
0
0
12578
0
0
2723
7816
3748
0
0
0
8272
0
3751
1304
814
1337
1010
10082
9412
0
10442
4210
0
0
0
0
17735
13358
0
1842
2329
10149
0
5618
0
0
0
20971
8755
0
0
0
0
3422
7324
0
9895
0
11500
6037
8559
0
0
12589
8619
22905
716
4996
6636
0
16441
415
2843
0
4649
0
0
271
0
19848
0
6088
214
3796
18201
0
11176
0
4607
8685
0
0
0
10184
2356
0
9165
29243
0
0
0
18260
1718
0
0
0
0
0
1858
0
5797
6785
0
0
0
3052
2321
0
9070
19878
8365
0
0
1396
0

=== CHANNEL 11 ===
6081
0
6191
17520
0
0
0
3075
0
0
0
2770
7292
0
20448
610
0
9036
0
0
0
0
3072
2936
4953
4048
9618
7766
13193
4333
0
8407
2973
0
2905
10475
0
0
5988
6538
0
0
8401
16175
10346
0
15648
8291
10793
4429
5553
11624
11515
2553
5504
10397
6302
0
0
19655
0
5430
24084
0
0
0
0
24746
0
2819
13553
0
0
0
561
3185
0
6933
14310
2121
0
10419
3470
0
8183
0
0
8124
1507
2208
5499
0
0
0
0
1813
7650
6292
22944
7875
8074
4534
10299
3057
2520
0
0
10065
0
5851
3322
0
6738
0
0
0
0
14803
5120
2230
933
10317
0
0
0
7143
0
15091
13374
0
0
0
6013
0
14529
7724
8337
0
0
5040
2342
5965
0
0
0
12442
0
0
0
6876
6069
0
3883
0
0
0
0
8139
0
10533
494
0
0
4913
14551
0
17425
20323
0
0
0
10790
0
0
0
1599
16224
1740
0
3537
12994
5443
5481
0
0
0
2380
0
5830
0
0
374
0
4867
0
0
0
0
4322
0
0
5376
0
5147
11552
194
9620
9377
0
10259
0
6038
551
2661
7841
9702
3590
2170
0
0
8849
9350
10289
0
4286
0
9403
11399
11567
309
4253
7575
20979
20547
11726
0
8786
5768
4431
3114
7502
0
0
20255
3064
1999
0
11935
0
0
1696
10135
6655
1906
0
9321
0
15533
0
0
0
3567
0
15975
7287
15144
15436
17248
7533
15141
2830
0
13144
11615
0
6068
0
365
2788
0
0
5281
0
11396
0
0
0
0
4094
11295
3225
1860
6956
3546
11063
12629
0
10489
0
0
12935
0
3831
17235
17796
0
0
0
0
9905
0
3668
209
0
2617
0
0
0
14179
7902
6148
2957
0
889
0
849
0
7991
996
7997
487
0
7548
4684
0
6712
1162
3452
1551
4941
7014
5978
0
7196
15059
5403
5122
0
346
10088
1611
0
4475
0
0
2695
6514
4003
14474
3885
0
0
18048
0
0
14507
0
4953
795
1802
12250
2607
1062
5624
0
0
10302
15469
0
0
0
0
1586
3806
8928
0
1495
0
12465
2779
19087
5817
10700
9663
14977
0
4583
6845
600
6119
8325
0
15764
2320
4874
4276
6706
2969
0
10509
896
7122
0
1680
897
15361
10723
0
0
510
0
0
19360
2046
851
3191
0
9387
17499
5005
9999
0
0
0
0
0
9742
1768
0
0
0
0
0
0
761
14649
0
21578
5258
10725
2836
0
11608
0
558
7594
0
15883
0
4174
5346
10618
0
5481
9742
0
14029
0
6626
8710
0
13915
0
6871
0
27273
0
0
0
4630
9600
19185
25583
20046
0
0
17212
0
0
32915
0
18399
8639
0
1471
7242
12448
5958
1855
0
0
3350
4225
7141
8302
0
2208
21810
17721
0
15282
0

=== CHANNEL 12 ===
0
0
14707
3669
0
10743
1157
0
20259
8742
0
0
4569
5891
3224
0
0
12325
13232
7882
12446
22683
0
27029
7988
4307
0
15366
6944
13505
0
6688
14110
610
4325
25016
15093
11524
5642
0
0
0
0
0
14635
0
0
0
0
671
5598
2007
4043
14291
0
22646
0
0
20187
0
2400
10284
0
0
12958
29103
22225
18807
0
12653
0
4340
7900
0
0
2957
5314
0
0
2244
0
899
6586
0
964
7500
4593
0
9742
12710
5865
870
5338
0
4853
0
0
2150
0
0
12750
0
17232
0
18355
0
18133
6094
1781
4126
0
12738
0
13203
0
15150
0
0
5417
0
0
6735
7724
0
7394
2129
20537
7246
0
10204
13782
6940
0
0
13942
880
0
0
0
18583
0
0
0
5189
12144
0
18376
0
11666
14365
0
4233
6752
5952
25025
16464
15883
1595
24506
3908
17762
0
0
5832
0
3204
0
3624
10737
10198
19586
1323
0
0
2694
19295
0
0
0
285
11931
5676
4163
19604
0
23074
11147
1316
10265
4074
13631
18451
15222
8959
0
21642
0
8992
14213
0
16064
0
5415
18544
0
0
3752
0
11229
0
0
0
0
0
14062
0
2880
14373
7545
0
0
16410
252
0
0
3813
10291
10102
2695
10960
7315
3102
0
8472
0
0
3911
0
6281
15558
12829
160
972
7525
26
0
20020
0
3931
5558
11285
12170
5867
0
0
17073
4517
20615
0
16260
15297
15339
5432
4237
4084
0
0
0
920
0
0
6382
0
16749
23206
4662
0
0
94
0
9649
19169
7899
25462
8032
1526
1649
4803
0
14287
9543
2690
0
1722
0
0
0
802
26326
0
813
0
19196
0
0
0
4877
0
0
14019
5202
0
0
0
0
4457
0
7344
18909
0
15241
15615
35488
16885
0
4153
0
12163
0
0
0
0
11099
19010
16298
0
4910
0
1408
31185
17948
0
4352
0
0
0
3004
1371
0
21839
7914
6983
7787
0
3241
6757
0
15624
0
0
11684
0
0
6740
3389
9302
0
0
6207
5797
0
14174
33139
1080
16527
0
2753
4220
12019
8092
12145
17313
0
0
2322
9804
4032
28533
3146
11426
0
0
0
0
634
0
0
0
0
0
0
0
13512
24316
24638
14554
0
0
0
0
0
8168
0
0
7781
5668
0
17945
7043
0
0
0
0
3832
16382
18212
10699
1533
0
8125
0
10925
0
0
0
0
28928
0
7780
4613
0
0
9775
24482
0
23702
0
0
12155
11646
2489
12658
0
5797
17662
4648
8821
0
10830
0
14849
0
0
942
1877
0
12323
7426
17901
1198
12429
0
9558
10797
0
0
10997
0
16335
8218
0
14732
1770
1190
0
0
0
0
5012
5470
0
0
0
360
0
15733
4741
0
12577
8267
16909
9877
8216
6315
0
10737
6035
5105
0
16118
0
0

=== CHANNEL 13 ===
6090
1933
0
350
9473
0
13096
0
0
0
6554
21787
0
18826
0
10709
8452
5298
8487
24230
0
5097
9092
9691
0
5966
3355
15157
1071
8076
17636
0
0
3396
2448
8535
0
0
9414
0
0
1846
13754
5381
0
13626
0
0
22271
13211
2629
4991
8049
11827
1023
0
16568
7312
0
0
9326
7165
19275
24586
11687
10824
3535
0
0
1623
10166
8585
0
0
0
9519
6189
4549
1028
0
0
7105
13707
31119
505
0
7598
0
8606
0
5749
1768
0
7891
0
22043
6301
3791
8316
0
0
0
5102
4051
0
9836
0
4830
4337
18938
12856
2051
5868
18381
0
5653
0
1658
0
3066
5363
6842
6837
8968
4615
6233
968
0
14763
0
0
0
0
927
6617
6675
0
0
14066
17797
7865
0
0
8423
0
0
0
11259
4338
2545
7629
26471
2121
4980
0
2138
2047
0
0
0
10209
3933
0
4942
5388
22302
5187
0
0
0
0
3353
23056
9464
0
0
14056
3429
0
0
13430
9781
6388
7437
1182
0
16415
0
12664
0
0
10095
0
13078
12349
13633
0
0
6906
10979
0
8123
0
21197
2624
790
0
0
0
9257
4436
3259
0
882
2923
0
11049
0
0
0
7421
6789
25504
21030
0
11520
0
0
13282
5636
24301
1919
13499
0
10828
0
6421
0
0
0
2391
13192
12685
0
17731
6210
0
0
0
0
12205
9479
889
0
3668
138
12384
10623
0
20634
0
13484
17979
467
0
10352
13765
0
0
4068
0
13268
9591
3746
6252
14937
9965
0
12857
8523
3796
0
5327
0
1528
21435
0
4742
12586
14564
0
0
0
9147
9387
1270
2831
3151
0
0
2758
0
0
0
9646
3781
6149
8626
10298
13568
0
11575
3879
5415
0
0
2297
0
0
0
0
0
0
14824
21777
16005
5510
0
6989
0
8404
0
0
10515
0
0
2182
5014
1478
0
2813
814
3039
0
6167
8901
0
0
19712
4534
0
0
11531
15746
1109
12923
9771
0
3683
21379
0
0
5373
12006
8968
0
0
1057
14994
2102
0
0
0
3175
0
0
5806
0
3075
3667
5140
0
7051
0
2224
7389
9825
14908
4263
0
7734
4182
6772
0
11615
3578
7628
0
9970
362
4491
730
12201
11000
0
0
1251
6945
15270
11931
12210
0
1022
14449
1484
15928
10499
7067
0
6611
10247
9045
0
0
10709
15804
0
13328
12227
27644
1435
27734
4376
4368
15225
0
6376
0
3839
10450
11759
4605
0
1841
16716
0
1190
6039
0
2843
13282
4065
0
8114
0
0
3470
0
5887
0
7232
0
0
0
10608
3460
1103
10742
7489
204
0
0
6226
3839
10140
0
1904
0
0
25828
0
13493
19143
10664
0
7084
10548
17708
0
0
13747
0
3200
19692
3407
3831
21508
6277
1226
4247
0
0
8442
0
10439
7968
19537
6978
23085
25165
10752
6548

=== CHANNEL 14 ===
0
2835
0
3416
3222
0
21946
1805
0
0
6700
18633
10404
0
3108
3988
0
1693
4529
1917
0
0
0
0
0
0
8566
181
0
0
0
0
16308
8256
0
8958
0
0
2982
0
4576
0
0
0
0
0
0
5821
16380
6079
941
3100
0
9380
0
0
0
5184
17693
5849
30042
0
0
0
10405
10936
6910
0
0
9767
1032
13680
0
0
0
0
9244
15329
0
0
14811
0
0
19489
0
0
19023
0
13229
0
0
0
0
0
0
89
3027
0
0
3898
0
0
20227
4858
0
0
0
0
7748
0
0
0
6468
14260
0
0
3646
0
0
0
6487
0
0
5336
0
0
6494
2761
6456
0
0
0
27818
1821
18815
14595
0
547
9281
4737
2961
0
4626
0
0
0
0
4636
5369
0
2942
663
0
0
0
0
38078
0
0
0
19636
14917
21710
0
0
9480
0
3994
0
0
14928
0
9179
0
0
0
0
6870
0
10149
14106
0
0
0
0
0
5215
0
0
5403
0
0
0
11410
19391
0
0
0
0
0
16810
21478
0
0
0
0
6698
0
0
0
0
0
0
0
0
0
0
1008
17456
0
3408
3812
0
14646
0
1765
0
15966
16782
2657
0
27279
0
0
14728
0
10436
11629
8710
0
0
6718
0
0
8274
4209
0
0
20333
0
19292
0
0
6239
0
2078
22196
0
0
0
0
7347
0
9764
0
153
1387
0
10036
0
5216
0
0
0
0
7548
496
0
9443
0
25118
0
7296
0
4304
0
0
2713
425
2305
30256
0
0
5737
8602
0
7300
0
9231
0
2343
0
8146
0
0
0
0
11441
295
0
0
4912
0
0
0
0
8703
0
0
0
2493
0
0
0
0
8468
0
0
25565
0
0
0
0
0
0
0
0
3889
9255
0
0
0
12513
0
5316
5993
0
0
0
0
0
0
0
0
0
6950
7257
0
0
9733
0
0
0
17235
51
15104
0
5344
2360
6978
10161
0
0
0
13965
2868
0
136
0
0
0
3446
0
2904
8683
1204
0
0
0
0
0
0
9586
0
0
0
13221
970
14797
4792
21594
0
27615
13638
0
0
6411
0
7504
0
15450
6208
0
0
0
4563
0
0
0
577
0
0
0
0
0
0
0
0
7327
0
0
0
0
8633
0
0
0
0
3836
0
20326
7859
0
0
15258
14778
2217
0
1622
0
14250
11379
0
8440
0
0
0
0
0
0
22244
0
7219
0
18103
0
0
0
0
9846
0
0
23572
0
1933
0
29602
0
26953
12683
0
0
6118
6835
13088
0
5313
10261
0
4106
0
0
10436
0
4743
12743
0
6792
0
1528
0
0
0
0
5788
0
0
0
0
0
0
19092

=== CHANNEL 15 ===
1962
0
0
0
0
1250
0
3280
1651
0
3442
0
20603
0
0
0
11886
6882
18042
8526
0
0
3293
0
16087
0
20275
0
10055
21497
8972
10551
0
3975
14570
15157
14331
0
2505
7985
0
0
0
0
7413
0
0
15413
4083
10854
0
0
15495
621
6767
0
22955
2102
4414
0
0
0
0
13441
0
3800
12301
0
4180
6628
0
0
7680
0
0
0
1720
7460
6750
9490
0
0
5794
903
0
13105
0
1717
734
10533
0
29865
0
3678
11415
7535
3995
0
0
12961
20799
13483
0
22019
0
1749
2999
4039
3742
12727
14483
2615
2594
5490
11312
0
6213
0
8844
0
9489
17343
0
0
3165
12525
20375
2198
0
22782
2606
33439
6444
14140
16376
7948
6779
24485
7209
7264
0
35813
2572
0
257
3183
10407
0
0
0
980
14824
14767
10821
21996
28533
0
9962
0
2551
12638
0
21547
0
0
0
2575
22696
10741
13569
0
881
0
3680
11001
3495
9066
23271
0
0
0
0
0
0
89
3273
2900
22404
0
9553
0
0
0
4909
24919
0
0
0
0
0
8647
1577
0
0
1317
6868
16254
0
0
0
2410
5616
0
0
0
0
9000
6651
3313
4459
15687
0
0
6209
17413
7496
0
0
0
6692
0
20690
9305
3981
21597
19233
4203
17505
0
3114
0
5521
10149
23853
16301
13572
0
6131
0
0
0
14455
15514
23303
18480
0
21479
6179
0
0
9831
5681
1599
9251
4974
2864
15856
0
1025
0
7101
16225
13576
0
12915
5079
0
17958
0
0
7979
27203
2799
23430
18731
0
0
2448
0
10128
10834
2113
0
10284
0
28693
0
6824
53
2697
5620
19734
0
0
18389
182
3657
20333
1873
14287
7975
0
0
0
115
0
0
6251
0
14998
0
0
0
2862
0
9958
0
21182
13603
5234
0
0
0
684
10701
13997
12209
8198
0
2217
7225
0
3593
0
0
14206
0
0
0
0
0
2518
11072
0
1334
0
18447
0
0
17798
4654
0
28652
25935
7749
643
6689
0
10924
0
3204
1739
12873
23593
2157
0
0
17625
19122
4690
0
2234
9912
29933
28902
0
0
2404
0
3224
0
1886
7430
0
26439
0
4710
0
17260
0
3106
28081
0
1924
10988
0
18530
10214
0
5691
0
0
1471
8061
0
8711
6236
5922
0
15442
12224
0
0
9528
14208
0
1776
0
12372
0
27053
4465
2142
7851
0
7151
0
6111
0
11235
13275
20817
0
6127
0
9799
10674
2836
0
0
801
4391
0
4199
9503
1566
2822
883
0
17815
0
22653
4067
15980
0
0
1962
0
18625
7381
8969
14040
0
18725
0
0
12516
0
0
0
0
0
6853
7158
10970
3755
0
3477
16034
0
0
0
12443
7045
0
3740
7135
22309
0
16177
16688
4314
9696
0
8043
0
18089
0
0
0
0
0

=============================================================
