=============================================================
DECODER OUTPUT D5 - PER CHANNEL DUMP
Format: Channel -> 512 Posisi
=============================================================

=== CHANNEL 0 ===
0
5558
16042
22168
11379
15469
12118
9179
0
5585
545
12308
1905
5008
0
0
0
0
680
0
5210
0
4486
16368
0
2662
19557
3602
0
14633
0
0
0
4779
1960
16640
0
15679
12747
11379
18832
0
13655
0
0
23621
0
1904
0
10868
0
9279
4194
7995
23526
0
0
6283
0
0
299
28123
8721
22299
4166
5273
22138
0
4869
0
26643
0
19624
0
18504
3903
0
0
0
6163
4376
21082
12128
0
1466
7707
0
31057
21338
13848
0
7923
0
5534
3116
0
9416
3766
7564
13314
13052
21574
5128
5822
27755
19713
0
11672
26097
539
17508
4840
9934
10418
10081
32722
0
11418
0
29842
0
0
0
21541
1638
0
0
4049
1453
20681
1914
25103
0
8004
10655
0
20914
14907
19217
0
7900
14009
15279
0
8310
7458
0
20497
20786
0
1115
12511
20139
4801
8249
5426
7038
11618
0
0
15740
0
645
0
3774
7962
3739
20730
7555
0
0
11486
15368
12263
0
11543
3303
14605
5392
16273
7737
6682
6397
20421
31337
3236
0
0
10096
0
2639
11392
723
5361
33496
15170
7497
0
3340
0
8028
15468
7668
0
0
17091
0
0
0
0
8788
17641
11640
3658
0
4848
11840
19194
0
930
3257
0
0
1435
0
29890
4475
21045
5047
21600
4978
0
0
0
0
2044
0
10480
0
15057
0
31943
14648
21661
416
3349
6509
20712
0
19555
4759
1727
8369
6134
0
3052
19353
0
0
13679
18324
581
19192
1508
19358
8142
2889
0
0
0
20397
0
0
22063
0
15892
5408
20321
1172
0
0
6518
25753
0
16849
0
11297
0
0
4278
22578
0
11311
0
0
20323
0
20319
0
0
9520
21541
16272
0
24043
16606
7215
0
22163
0
0
13697
0
0
0
0
28730
0
7749
24566
4538
5044
10395
6514
11531
0
0
0
4370
6743
0
0
13615
1253
0
0
2411
0
0
13071
14565
0
6932
8040
14349
1744
0
0
7497
3885
1261
19203
21164
0
4176
8325
0
0
0
9512
0
0
16164
3754
10266
5164
0
0
3656
15895
0
9031
31977
10938
2352
0
16272
4739
0
28006
2444
5482
4560
23941
0
0
0
15624
15080
8689
0
0
4396
0
0
8836
15150
0
0
0
11455
15679
20919
20318
10561
9415
1294
7376
4957
1840
0
11203
26290
0
0
28266
0
0
5332
0
23675
0
27549
8693
18483
0
18974
0
18849
686
35846
876
20187
28983
17837
9519
12755
16619
28501
8883
0
20927
0
5389
0
18784
0
0
0
17315
0
10432
158
1896
0
24774
14657
5224
13636
1978
31166
0
3615
0
18107
0
0
15253
15134
15452
7771
0
8816
0
32403
0
10294
10475
4771
0
13220
15915
0
4685
0
0
0
0
2873
9047
0
0
9332
0
48139
8807
252
5642
6878
0
0
13260
5180
17590
12205
0
5098
10862
3894
10544
0
0

=== CHANNEL 1 ===
0
18748
2409
2212
6696
11591
765
15674
14057
9202
18682
3055
28349
0
1180
7464
7120
6863
6793
18161
0
0
2936
0
0
0
0
23904
6604
1689
5402
15821
16166
9063
1082
15263
16537
0
7266
0
0
0
3715
12918
0
13021
456
5699
0
0
4713
8495
0
20217
0
0
8940
0
0
0
0
0
13922
0
22163
0
0
3860
2525
3305
2902
18966
0
18589
9893
18269
16072
0
0
0
0
54
10756
33077
4992
5947
29284
3024
29710
0
0
0
2113
23282
21633
0
12156
0
6974
15940
10767
7905
0
1279
11053
0
24317
0
300
3208
6061
0
17727
2516
5092
0
6187
0
0
5262
0
0
10408
10768
0
31847
12306
20858
5728
10359
0
8989
0
7614
17886
12604
34406
1042
1752
0
0
11658
0
0
0
0
0
11438
7198
9182
0
0
0
0
0
0
8066
0
0
3779
2512
7287
0
604
12237
0
3056
5290
9442
8222
30026
24300
20652
1284
16027
1858
12055
0
3119
0
4608
10078
10019
22248
12298
15396
4098
11089
0
4338
21018
5933
15577
0
7216
10752
7982
0
9839
18920
7062
21159
10413
19865
18940
0
399
13641
16362
6231
13873
8893
8636
0
0
0
0
7981
14296
29819
2555
7759
19375
0
0
13450
2602
10345
28163
15671
5540
0
10996
14918
13706
18609
18446
11550
0
5109
20745
0
16089
9991
26401
4325
0
14811
0
0
3974
0
16542
17721
29150
2103
0
10183
4453
0
1497
16827
18756
0
14902
0
10140
0
0
4208
10705
0
0
1097
0
0
22882
0
6587
0
562
22736
6221
21620
7422
6304
4016
2712
1657
7171
20999
5925
4966
7836
0
7430
4033
0
3609
2951
451
0
2642
20711
14643
10472
25694
13404
1876
4425
14182
0
0
21887
0
14735
0
12696
0
20027
8854
18203
5490
2758
0
0
0
0
27640
0
0
16988
0
17981
12141
0
5308
7389
13056
25534
0
0
13186
1652
13440
9029
0
4195
0
0
0
23037
18313
15322
10709
19411
8688
0
3893
6805
13045
12787
0
14664
0
0
6909
0
12946
13170
0
0
1533
0
0
0
5983
0
12871
0
0
0
9552
12677
2097
3500
19871
561
16249
0
0
21933
0
0
6913
0
0
9649
21610
8219
0
8584
2175
0
11087
11809
15948
0
9439
0
9992
0
0
2266
2082
0
14416
0
0
14976
0
24737
12618
0
2110
9897
23044
2733
11306
0
17746
0
14809
0
8754
10111
1520
20292
0
3027
22631
19166
17823
0
0
8741
8335
6249
12253
0
8027
11019
0
8818
13999
0
18144
1568
4549
9810
0
2363
0
13952
0
13820
0
5814
0
16545
0
11073
8561
0
0
14780
0
16772
0
5062
21741
14422
19506
9205
79
15887
20231
0
0
5675
0
20768
0
23022
1454
11173
25284
4943
7192
1734
0
0
0
1409
0
9524
20444
0
19515
0
4855
0

=== CHANNEL 2 ===
0
18339
0
11969
12297
6319
0
0
0
5312
8107
0
0
0
0
0
4744
0
8663
23241
18083
9275
302
0
0
0
0
2753
8739
2964
12726
2782
0
4754
0
5022
11310
0
14783
11202
22064
9474
4692
5414
3797
0
7253
3518
0
1300
14853
3230
5138
15017
12821
6669
5645
16903
2948
21755
4543
0
0
2645
0
0
0
2367
0
6106
0
4260
7294
6075
0
1437
3190
1881
0
0
0
0
0
709
0
0
0
0
8157
0
0
12229
7958
5282
12574
0
0
5386
0
23661
22424
0
1283
0
3716
0
4785
0
0
8454
2099
0
10939
7772
25473
378
19752
838
0
3906
0
0
627
15275
0
0
0
6606
0
0
3362
14245
8611
0
3627
0
28170
3164
31918
0
5044
9414
13756
16634
0
0
0
0
5818
14400
13188
0
0
0
0
6773
14387
0
8753
25100
7208
2319
0
0
0
0
0
0
8401
0
2830
0
3179
0
17594
8445
5556
0
23309
0
0
0
0
2902
0
0
0
0
0
1490
0
0
0
9274
14145
20434
9046
0
4917
2230
5198
9861
9096
3897
10600
11980
5174
0
1568
0
0
4838
8352
0
4265
0
0
3685
14486
0
2687
12760
678
6860
0
0
15667
0
2072
8371
16492
9001
8960
2109
0
21036
3695
9622
17539
23084
13149
0
4239
1569
12421
0
12079
0
1138
5043
9146
0
947
10491
28481
16703
3432
0
0
0
74
0
13837
0
5375
11641
11345
17301
2672
11774
0
903
0
0
20346
0
13988
0
6829
0
5698
5916
14847
6726
661
15808
0
0
13494
0
3621
0
0
29982
0
0
4145
0
0
0
1209
0
6252
0
0
0
25605
0
0
8710
0
4907
0
0
4752
0
0
0
0
4463
5947
21378
0
0
0
1567
0
889
0
0
0
7757
2666
0
1093
0
0
0
0
3902
0
0
0
0
0
17356
0
9345
478
0
0
8364
21655
4073
7123
15980
4112
8497
0
9435
16570
16413
13472
0
9759
0
0
0
0
0
1145
0
0
8690
0
0
0
14711
782
0
0
17782
0
0
14840
8584
4658
0
15646
22130
0
2501
0
197
18425
0
1428
0
0
0
0
12411
7680
0
0
7743
10860
0
0
0
0
11989
0
0
0
0
19242
0
0
0
0
5968
7711
0
0
404
0
0
0
0
0
0
7844
0
12314
0
8017
3164
0
0
15106
8301
1767
14147
4593
0
7877
11273
2175
2961
4089
0
0
3552
11127
0
20363
3402
10097
14885
14808
13762
11921
19880
0
12820
0
14817
0
3883
0
0
0
0
0
4546
0
13713
679
8106
0
0
9497
1774
0
9571
0
4649
9471
0
0
1202
0
7742
0
3692
22038
5474
0
0
0
0
0
0
0
0
0
8373
4228
0
0
7566

=== CHANNEL 3 ===
0
0
0
551
16521
16875
0
0
0
12000
0
18702
0
0
0
0
0
0
0
5862
2382
12270
0
0
0
0
15411
5910
0
0
3718
0
0
0
0
0
0
0
1838
0
0
0
3077
0
0
0
16544
15450
0
14746
20081
0
0
0
7617
2760
9744
0
13531
4766
0
0
0
5480
0
14442
0
1737
0
0
7771
0
0
0
24795
0
0
0
0
0
9430
0
0
0
0
0
0
0
7540
0
0
0
2713
0
19046
18271
7667
2831
0
0
19748
1389
3726
0
0
4587
0
1224
0
0
0
0
0
6237
0
0
7745
0
0
0
31089
0
0
0
12328
0
0
0
0
0
16075
0
14927
6265
4697
22081
8022
0
0
0
0
0
68
0
1429
0
0
0
0
0
0
0
0
0
0
0
0
3494
14210
0
2792
0
0
0
0
4496
0
0
0
0
0
16197
0
0
0
562
0
2627
0
0
0
0
13795
0
0
11078
25371
0
0
3030
0
792
0
2136
6018
1385
0
0
6976
1291
0
0
10190
0
0
0
7661
0
0
0
0
0
1017
0
0
0
0
11400
10034
0
0
0
0
0
0
0
19936
8875
8943
0
14187
0
0
4400
0
0
2975
0
1189
0
0
0
0
0
424
0
11943
0
25393
16478
9722
912
0
10283
0
31721
0
0
0
0
0
0
0
13575
0
0
0
11421
4097
0
5978
0
5783
6928
9294
0
0
0
0
0
8209
0
10565
0
24020
0
15968
0
0
0
0
0
0
3420
0
0
0
0
0
0
0
12476
0
7178
0
5446
7132
0
0
0
0
14042
2458
15014
843
4501
1243
0
0
1572
0
2212
0
0
0
0
0
0
0
25028
7789
0
17239
0
0
0
0
6316
0
0
0
0
0
0
0
0
0
0
0
0
2954
2590
3483
10574
19379
0
13995
0
0
0
10263
12042
2047
24178
0
0
0
0
0
0
0
2566
0
352
0
1398
0
0
0
625
0
0
391
0
0
8831
0
0
6062
0
13919
0
17667
0
7319
0
22612
0
0
0
0
0
0
0
10864
8
21013
0
0
0
0
19606
0
14799
0
11064
4671
0
9125
0
0
0
0
0
12014
0
0
0
0
14510
0
0
0
0
13438
0
0
0
8915
0
1493
0
3506
0
0
0
0
0
0
0
5592
0
0
0
0
0
9315
145
0
0
1885
0
12355
2006
18007
0
7965
2409
6634
18289
0
0
0
20329
10234
677
0
0
0
2242
2032
0
1845
0
0
0
0
0
0
0
0
0
0
0
0
0
0
0
0
0
0
2461
0
0
0
8675
0
0
0
0
11043
597

=== CHANNEL 4 ===
6949
563
7024
24813
11438
4603
13607
1324
7013
209
12864
13670
11546
18781
7286
14417
4772
0
14755
10553
7092
0
3809
4110
11877
0
3769
1430
8288
17376
8245
2055
0
11519
3612
0
0
21792
6892
1837
1269
696
0
0
0
0
12302
5266
6988
5159
0
5202
0
0
5443
2976
0
256
0
17431
4318
0
0
0
16860
15427
0
3344
167
16411
13693
2706
1864
0
0
0
0
20741
0
0
1041
11702
9799
4008
1164
8905
0
0
2068
20522
2090
34200
6701
0
9621
21268
222
5722
0
7464
5071
0
0
21367
32315
0
268
15237
0
13599
15038
0
0
26793
0
19575
7462
20518
4288
7999
15998
0
0
0
0
0
14037
0
14165
721
11561
17433
11183
16977
5693
4076
2533
12012
2556
16709
8276
5751
7473
15759
2610
5390
5998
25407
0
12460
3116
0
1142
35993
0
0
79
16457
2406
9831
0
0
0
0
8264
16473
14545
4418
0
3122
6460
3148
10876
24938
0
19846
0
15130
0
16442
29609
14024
10476
0
0
13242
9033
19973
332
0
0
0
9072
16323
10663
0
0
5029
8908
12704
1710
0
445
0
741
0
0
0
0
0
9297
5908
10314
0
5979
4542
0
24412
14948
4334
0
11609
0
9996
3153
0
17696
16065
0
11870
1373
26460
2616
0
0
20644
0
13743
0
0
0
16024
0
7036
9291
1909
0
4173
2125
30476
3206
24210
7543
0
0
0
0
7307
4046
12844
5361
14408
10045
0
0
10517
10639
12878
1414
3950
6635
0
0
7559
0
14048
14563
8889
5955
13759
0
4178
8756
0
0
6015
14624
7764
0
18308
0
0
9582
0
4354
0
12307
0
3309
19968
2663
0
8271
24067
3501
22762
0
2578
0
12994
0
0
4270
0
1491
1542
0
0
0
3953
10743
0
0
0
0
0
16445
8968
13525
5547
10833
13735
0
0
9516
2522
0
3127
9107
0
1471
22504
5289
7664
0
0
5932
178
6352
491
7164
6967
24937
14819
7223
949
1713
6100
0
10126
601
4588
17966
9513
16234
1546
1669
7558
1636
3558
14146
23512
13166
21264
0
5242
0
0
9223
12750
0
19968
0
3248
0
22820
10290
0
4491
23959
0
0
0
7532
0
0
0
0
9174
5474
1734
2262
20759
0
0
0
1945
0
0
4637
616
9265
29684
11287
0
0
13148
0
1083
7441
16055
0
9258
0
0
1752
0
0
8823
5703
4816
20957
416
19312
3169
0
11126
0
19898
19675
1610
0
0
15798
0
3637
8967
28513
0
16137
26
12683
0
12159
13314
0
0
2774
0
0
13080
6956
0
19055
5853
4175
8157
6548
14708
3640
5345
0
8360
0
9440
0
8597
10985
35907
11119
4804
0
13281
7874
0
0
11179
6303
13720
15904
0
2706
3814
0
0
17108
9748
0
0
7094
3283
0
15799
5294
0
13251
0
0
7775
815
0
491

=== CHANNEL 5 ===
3311
1684
7944
12247
2514
21360
28302
13158
0
33755
20088
20906
24744
0
0
8128
2117
2885
11141
0
0
0
7432
0
4178
0
0
2117
9828
8912
16855
17756
22492
29428
4578
8853
19677
0
13883
0
20450
6260
0
23343
6195
0
4380
13525
0
0
0
0
0
7626
17048
15670
9352
0
0
24074
339
22586
15703
0
10694
5652
0
14751
27010
5800
8012
21086
27937
18927
16034
1687
16796
0
0
1330
25909
6667
0
19679
11881
14408
0
8000
14055
0
15285
9466
11878
210
29654
10776
3878
19479
0
5725
19143
136
15366
24371
3833
7281
18062
13611
326
25237
0
4552
11915
0
0
0
11226
0
0
0
883
0
0
0
7883
4205
26410
5749
10867
19857
6652
2615
26186
16431
4235
23388
13887
0
2546
0
0
0
8472
0
15311
0
0
0
0
4550
12869
1140
14338
19181
0
12697
0
23416
0
5181
0
196
20951
23239
8572
7716
27767
0
0
9084
14474
32995
9100
25474
0
18352
7305
0
4238
22776
0
0
21784
0
4531
0
11014
8906
5938
3482
31329
14613
9542
1963
4309
14670
23188
8297
7093
26309
0
33739
3086
17887
0
0
4830
2444
4953
11037
13302
26416
3123
6840
21206
0
12549
29120
14829
647
2577
9393
0
0
16895
0
7738
0
15015
22761
0
0
0
11310
12328
13118
13450
0
0
0
26851
17738
13226
0
14524
5169
8620
0
17876
6373
25535
15045
0
7801
8279
0
0
13262
1334
0
5296
4037
2082
0
5003
8512
0
9323
3834
11861
14892
0
12539
1685
20564
32489
1617
16380
0
0
0
251
2213
0
22602
0
34177
3431
19447
24742
8953
0
0
0
13776
0
1956
0
8705
4286
0
3772
2532
12183
0
10477
9366
152
208
5188
3453
0
13358
6720
28665
8383
16594
0
0
0
712
0
22203
11863
0
17840
0
4206
3667
0
11577
4906
0
7774
6844
16
0
26995
3355
24258
0
13522
11640
16122
0
5200
14783
1445
0
14370
7173
4765
15705
0
4437
0
14796
16354
0
16009
14938
316
26489
5029
21582
23967
4714
4957
3384
0
12834
4603
6730
14559
20161
14668
13954
0
19471
1382
5896
36911
17342
21365
11271
20266
35736
13205
6765
0
0
14668
27680
8488
0
0
289
0
19305
8189
6385
7524
31039
0
10683
0
1849
0
0
0
5005
0
17411
0
3664
9545
13237
0
10834
0
2610
21399
2906
10368
23268
3785
7643
19686
16286
6938
6447
9577
0
29336
0
0
0
8895
17520
7726
0
15621
11501
891
1754
6973
18651
8946
0
0
7354
0
7277
10384
0
15351
11217
0
7225
902
0
0
22377
9406
12083
8971
1344
0
9892
0
6142
18409
9508
0
2677
0
0
0
10807
33331
0
2693
858
12399
0
10063
20059
0
0
0
16554
9276
13400
25613
0
0
5351
0
0
8729
0
0
7000
0
0
15741
0
1089
9767
1223
968
1660

=== CHANNEL 6 ===
2605
0
0
0
0
6243
0
0
2123
0
0
0
0
1936
14645
0
0
7673
429
0
11890
0
5993
5807
0
0
13432
0
0
3754
11166
0
0
11668
0
0
0
4474
0
18803
0
0
0
0
0
2292
0
4807
18068
0
786
4034
1146
0
0
0
2039
0
7534
1428
986
0
0
0
0
0
0
0
749
0
3980
0
0
0
0
0
0
9401
4750
0
0
2575
0
18999
0
0
0
0
0
70
4190
4103
0
0
0
0
1426
0
0
0
0
417
0
0
0
0
0
16312
0
0
20538
0
0
0
4477
1254
8568
0
0
0
13247
0
494
0
0
0
7138
0
4657
0
4217
2613
12459
3734
0
0
0
1216
0
10439
5476
0
0
2843
0
906
9491
5020
0
0
0
0
0
10220
0
0
1249
13865
3224
0
8177
9304
0
0
6998
17645
896
0
1564
9109
0
0
0
0
1950
2311
7577
0
0
0
23734
0
3917
0
17210
3006
0
797
3309
0
0
0
7282
0
5267
18204
5581
0
0
0
0
17407
0
0
12435
5416
3973
1730
1365
0
0
13443
0
0
0
12181
0
0
2610
12535
4747
166
0
1539
7751
1861
0
0
0
0
0
0
0
0
0
0
6726
0
7895
12245
4159
26654
0
2105
150
4997
19117
2273
14438
0
0
0
0
0
0
4569
0
0
0
7478
0
0
3886
0
0
0
0
8046
0
0
9503
0
5517
0
0
0
0
11220
10983
3144
0
7707
11117
0
0
11510
0
3501
0
0
0
4691
12620
617
1359
0
0
11816
3502
0
1258
12418
0
859
0
0
5583
12387
0
3656
0
0
11363
0
0
0
0
0
0
3949
5320
0
407
0
0
0
7347
0
0
10046
13925
0
0
0
0
13313
5168
0
0
1434
0
0
0
5753
0
0
3944
11925
5852
0
0
0
12678
5019
429
4650
0
8312
0
1423
0
0
5741
0
1397
0
0
0
8613
0
0
0
0
5436
0
8742
0
0
0
6034
0
0
0
3964
0
0
1443
0
0
116
0
0
2437
0
0
0
2633
0
911
0
5183
0
15147
0
0
0
9043
30769
0
0
7064
0
11772
0
3106
26390
0
0
10531
0
8726
0
0
0
1566
8437
0
0
0
0
0
0
0
0
0
0
0
1794
10478
0
1901
2328
0
0
0
2820
5089
8458
3422
8576
0
10024
19859
0
0
0
0
0
7718
0
15201
6614
0
3135
12234
0
0
0
12280
0
0
0
0
0
0
0
20918
5974
9905
0
8133
0
414
11796
4463
0
10235
0
0
0
6095
0
0
0
0
3970
0
0
0
2124
23779
0
6917
0
9632
0
0
0
0
4480
10696
5400

=== CHANNEL 7 ===
0
5016
27225
0
0
3449
8056
0
18761
3682
0
0
0
1838
15231
0
565
11861
0
8090
0
8637
9930
2023
10038
0
5934
6008
0
4708
0
0
6072
0
4925
0
8471
7593
2338
0
0
22166
592
6437
8784
8714
0
1510
0
17389
0
0
13490
2052
0
0
2886
3658
4057
1843
11213
0
0
2325
12050
0
3692
7882
5514
659
7720
0
0
7169
14566
0
0
4660
21054
5873
3148
8447
12408
5878
7496
18103
0
1138
4910
0
2179
2137
8657
3239
0
15792
19469
13813
19743
0
0
0
0
0
10148
2994
3804
0
0
2790
0
5966
4355
0
2541
0
0
0
3224
1863
15285
10331
2234
7099
0
0
10096
1751
10718
0
12185
0
0
13129
0
1581
0
0
0
1511
836
0
1663
3448
3638
0
20581
0
2898
0
21608
3975
0
0
0
0
24992
0
0
11378
0
8156
13589
6097
0
0
3333
6585
0
4178
4236
11274
0
0
0
0
0
4036
204
0
18836
1566
18083
7658
0
0
0
8212
11730
9124
0
5178
0
0
0
0
0
0
0
1917
17071
992
5217
0
0
0
1202
7054
0
4660
2531
4533
0
0
0
0
4942
6565
4230
13574
309
7035
5339
7690
461
0
0
13214
0
0
0
0
0
17898
0
13669
6470
0
1511
4569
9219
0
0
5438
1269
0
0
6972
0
0
6126
0
21948
11285
0
0
0
1879
8310
0
11837
0
6168
6544
0
0
0
0
11996
0
2098
25127
10478
785
0
0
5368
0
0
3270
5815
0
0
3517
0
0
0
11912
1710
0
0
2454
0
5177
2077
7168
8746
3206
7624
0
16886
9622
0
1258
10827
0
0
0
0
13566
11606
6049
0
1282
178
8951
0
325
10959
0
2274
15185
0
0
0
8134
32351
0
3122
0
6189
0
6188
0
0
0
178
17198
21726
0
18670
0
0
0
10419
0
0
2442
12717
0
2602
2893
0
0
554
0
0
0
0
0
7074
3557
0
11772
0
0
19829
2942
395
18522
2039
2289
3726
0
6197
951
0
15176
1902
0
4310
3036
10960
3947
954
9404
6122
0
0
10791
0
0
0
5525
0
0
0
7323
2908
0
1238
5148
0
2989
7607
0
0
6877
0
469
9894
0
0
1266
24462
761
0
24203
4160
0
14343
7298
6437
17241
0
21560
0
725
2712
0
6956
0
0
0
14646
0
0
4007
0
5467
20009
10371
0
0
0
1084
0
4361
0
9348
7483
0
3451
24949
10809
0
13348
11804
0
0
2952
19918
0
3597
0
14964
4612
0
10301
0
0
3575
14297
4300
0
13164
0
4140
7808
10479
2545
6246
0
3928
3758
3500
0
0
0
0
2592
12312
0
8761
0
0
5842
18005
0
13437
0
3940
23239
0
3175
0
0
1517
5973
120
0
6558

=== CHANNEL 8 ===
13780
0
0
0
0
7331
8902
0
0
0
0
0
0
4910
2131
13604
13879
0
0
7958
0
0
10213
9261
3755
0
24141
0
0
24174
0
0
1953
0
0
299
2540
0
14218
19675
9465
3703
17436
0
0
6424
0
2324
346
3616
11696
0
5515
0
0
0
4292
2958
0
0
7906
0
0
0
0
9786
0
0
0
12681
0
0
0
3650
0
10069
2629
0
6590
0
14121
2175
0
0
0
0
8349
1473
0
24936
0
13039
0
0
0
0
11948
15499
0
0
0
14347
28071
0
0
4774
0
7359
3112
10083
0
0
13606
7737
0
17715
0
20577
6300
0
0
0
0
0
0
0
0
16556
0
13301
4623
2083
5510
11192
275
0
0
13032
3796
18101
6407
0
10944
6133
8109
9594
0
9715
4463
0
0
0
21445
8221
0
0
3037
11482
9469
4683
12857
0
8245
0
0
11361
0
8725
4147
0
0
13036
0
0
0
12396
0
18785
22125
5462
0
16726
0
0
0
5802
15627
17690
0
5702
0
0
0
13648
0
4546
7030
0
0
0
0
0
0
0
0
0
9704
0
9114
0
1602
13859
0
2007
579
0
0
15097
0
0
11306
0
0
6263
26374
5667
0
0
0
9832
0
0
7541
0
0
5358
0
15131
1048
0
0
21649
0
0
1419
0
2667
27594
9664
19010
979
0
0
0
0
2825
0
0
0
0
16352
0
0
19496
0
0
0
0
0
0
0
11350
17724
0
0
6183
0
4453
0
0
6511
1527
0
0
6313
0
0
231
3636
17041
0
0
48
0
16537
0
0
0
0
6367
0
1197
16373
1469
0
20074
0
8495
6929
0
8514
0
14303
0
0
1142
0
0
14786
11371
0
0
0
0
19406
0
0
0
0
8780
0
6068
0
0
0
0
0
3244
0
0
0
0
7428
25912
0
0
0
0
10129
10091
11164
0
0
0
3400
0
0
3231
0
0
0
16835
0
32891
5129
12448
0
0
23266
5905
0
6893
0
0
0
0
5757
6571
0
21316
6630
3030
0
0
0
17231
10128
25249
0
9494
0
0
2014
0
2281
10360
0
1164
8149
0
11915
6059
0
0
12350
0
0
5271
22562
0
0
0
590
0
8764
0
0
9996
10489
0
1404
6765
0
0
18751
0
10503
0
6858
9731
6849
479
7614
29275
0
0
13574
462
3923
5707
0
0
0
94
0
0
0
380
6034
10486
0
2454
10280
17373
0
9364
0
4719
11569
10791
11356
918
5325
18381
4187
11918
11602
1424
0
0
0
0
16314
0
11994
11757
16647
0
14203
0
0
11330
0
8620
2597
0
0
14180
12763
0
0
0
1459
0
0
0
0
6086
15979
0
11626
14834
12642
2158
792
0
0
15006
0
0
4986
6944

=== CHANNEL 9 ===
0
0
0
0
0
3232
0
0
0
0
0
12300
6706
17133
1230
25280
10460
6102
0
0
6886
0
0
5143
22340
0
0
0
0
10793
15203
21416
0
25896
27396
18428
12405
0
0
0
0
0
0
14136
6497
4735
0
0
20887
15252
23651
0
15196
0
6284
0
4270
0
11809
0
5968
0
2147
29344
15078
12249
777
10814
15179
0
0
0
15151
35113
11829
28994
4034
8818
1429
0
3203
2422
0
4421
13965
39661
4488
5686
14246
0
6256
0
0
0
0
12557
5687
0
1387
0
954
0
0
0
0
8243
4048
18248
0
5859
10400
18399
0
12224
0
0
16242
0
4298
0
0
0
9605
13506
0
0
0
18654
2587
2370
0
0
9753
20901
19060
0
0
8494
0
2037
0
0
17850
0
18861
569
0
24346
8910
3096
7251
10134
5571
0
0
0
0
11593
0
0
0
0
7949
846
0
0
2916
20900
1397
14211
0
9040
0
0
710
0
0
7027
0
0
6948
12155
10469
232
0
2800
0
0
1116
322
13538
20832
3198
0
10406
0
9407
6517
5463
5431
10656
13400
0
12376
3927
8604
20767
23004
15392
14406
0
0
0
16228
3455
6326
5891
1523
0
0
0
22043
4333
0
0
5966
0
0
14004
0
1043
0
15442
1632
14584
0
0
0
15580
10210
2850
8769
0
0
5003
0
0
0
2261
7981
0
0
17885
24895
36429
0
0
3235
0
15823
0
0
1004
4049
0
3686
0
0
0
0
0
0
3751
0
0
8010
25100
10872
25796
0
10012
0
1909
0
15711
1233
0
2703
0
354
0
0
0
0
12143
16499
108
0
1486
0
0
29926
3260
26339
0
1843
0
5315
0
0
7868
0
3917
0
886
14404
10682
7216
0
0
0
7425
26250
27243
10610
52594
22631
10322
28528
0
25572
6920
0
641
0
35659
11171
3892
15195
26590
2345
0
0
11463
23033
7174
8377
2081
3068
13119
7401
4204
3254
0
0
0
0
0
12183
11501
17459
0
0
0
2859
30270
5618
12800
8457
14804
0
0
0
0
11564
4355
21366
4923
29716
0
0
3982
20517
3991
3641
0
1938
2987
0
0
6138
0
0
9762
8919
0
0
0
4147
9046
0
1566
12681
0
0
44
9066
0
0
424
0
2767
2453
0
31414
28790
2958
0
0
13405
11319
0
17320
11962
7837
7453
0
10088
11950
30412
23982
3840
0
19862
0
15450
0
0
15011
11979
11286
14577
13896
5097
7076
11345
14015
0
0
0
0
0
616
2465
16594
1379
13206
0
0
0
9557
540
12947
0
0
0
583
0
0
0
10001
24787
21665
4407
4042
0
0
4776
0
10176
22376
5302
6092
17285
7985
0
15549
2281
7930
4508
4892
3660
11093
1288
2965
0
0
9736
0
9153
13484
12022
8106
10854
0
1530
0
14514
20221
0
0
0

=== CHANNEL 10 ===
0
8511
24267
0
0
17042
4785
4851
17334
0
2443
0
1116
8357
2759
18215
0
0
6665
0
0
10892
3315
4299
7936
14047
0
0
1953
19041
6785
0
2233
0
519
6082
5158
5383
0
2722
7170
24121
0
3150
5454
0
0
0
0
0
0
5378
0
3611
0
6141
4912
11622
0
294
16917
2657
0
0
9706
8206
0
0
5313
0
0
9405
7428
10490
17909
4984
0
5881
9461
8894
0
0
3928
9478
14708
0
0
0
15663
0
0
5442
20540
5844
0
0
0
0
2906
0
22657
6586
0
0
13043
0
0
13437
17459
5970
0
0
0
10245
0
0
7057
1366
12075
0
13031
6636
0
0
0
8585
0
0
5889
0
0
13283
11710
0
0
0
0
0
0
2091
0
15329
2482
0
0
11786
4921
8529
0
888
8816
13452
3826
0
0
14196
10454
0
0
0
0
15760
5851
5274
9842
0
3984
9714
0
0
0
0
18361
0
5574
0
0
0
661
0
5531
0
0
6254
900
0
0
0
167
1581
12638
0
0
3214
2717
217
1364
0
0
7159
25488
0
4672
0
0
0
0
1749
0
0
0
0
16767
0
0
16668
12158
0
889
1765
14038
790
2743
0
11744
443
0
1706
6683
0
0
0
7169
0
0
0
14437
0
0
900
7801
0
12972
0
4822
7355
0
0
1147
0
0
855
9662
0
0
0
0
6229
14938
1404
14565
0
7079
0
1433
0
610
84
0
124
8612
12294
0
8695
2546
5455
0
173
11625
0
0
7432
5413
3776
0
0
2263
0
7354
21270
7102
13544
0
6453
0
1558
14158
0
0
0
11280
0
0
0
6543
0
4772
10458
0
1150
3451
0
0
0
0
2219
20306
13988
0
7958
0
6427
11598
8810
0
6652
11481
0
0
0
3407
5457
3648
2065
7202
3332
0
8441
13262
0
7708
3202
7554
0
108
5540
4332
11015
26238
10617
0
222
0
0
0
15685
0
13663
24412
0
0
0
0
0
1091
14435
7992
0
0
1860
0
0
0
5301
7936
12668
0
0
0
12244
0
8407
23829
0
0
0
2221
0
884
0
5747
0
0
0
0
11606
0
0
0
7249
8347
12106
13964
15137
1620
0
0
5493
6709
21619
0
0
0
5533
8667
0
0
0
0
7955
4030
0
4053
15513
0
714
0
0
6316
5298
0
9430
23551
9596
0
0
0
8804
9904
27635
912
0
0
23703
2806
11304
0
0
4443
9968
0
11833
6944
0
0
0
0
0
0
10314
0
0
0
16929
0
0
627
11698
9567
5333
0
0
0
0
0
7114
0
2991
6035
0
1758
2231
0
0
0
0
9419
0
0
10917
0
0
0
17604
0
0
5399
2819
0
19939
2027
0
0
15004
1906
0
5480
0
9578
1882
502
2632

=== CHANNEL 11 ===
0
7374
0
12784
3676
16442
2715
22720
1047
0
11289
0
4201
10174
1459
1612
6353
0
8728
5832
0
4687
9942
0
0
17991
0
0
0
14069
17660
0
0
0
0
0
5774
3782
11333
9527
7034
1529
5092
4308
11467
0
5524
2848
7200
0
11996
17029
18108
8317
2361
15036
11187
10650
0
4311
0
7930
2833
0
0
19489
1871
0
0
1811
0
0
15684
5706
0
0
6728
7625
0
9840
17649
6706
12919
6023
4908
0
0
0
10231
32
19147
0
351
3584
4690
18500
8974
0
5044
0
8050
2626
13667
0
5251
7977
5363
3803
6927
1943
7551
0
4095
0
19506
11207
11986
1324
11321
741
0
0
7012
985
12757
1874
0
0
0
7770
13151
7531
0
0
4494
9497
20321
0
10960
0
18526
17720
11999
17046
8261
10399
0
7993
7408
0
18505
19859
8474
0
1884
2138
13809
4935
15848
0
9917
3548
12107
4923
0
2471
4438
0
524
0
17654
1541
9355
0
0
0
13329
0
29890
4805
1558
12186
0
12533
16694
0
193
2040
2004
0
5264
0
0
10275
3614
9514
14425
2076
15529
0
0
11885
10938
0
4046
0
0
360
2952
0
3658
4503
0
0
12655
14827
1339
0
6773
0
212
0
0
2689
0
0
4087
1955
10443
0
14715
6481
0
6017
15268
4555
58
810
8398
10389
10622
0
8983
0
12620
14739
14066
0
11641
117
1539
16463
7347
9450
13691
6412
12700
0
0
9339
4297
6270
9889
0
19232
665
0
16695
6092
13809
4015
16745
4796
0
4959
0
12429
7310
0
0
18946
5829
0
13911
14507
0
0
0
6788
5800
1430
11968
0
481
0
0
0
10711
5134
4426
0
0
11851
0
6446
0
3709
0
8377
12680
4177
17604
11703
0
5565
0
0
0
4095
12232
5333
9629
0
3748
6022
1889
0
0
0
13918
0
1828
0
0
0
1931
0
0
0
10755
2652
400
0
0
12572
0
1677
7397
0
0
10242
10664
1096
11966
6069
22788
5848
7431
0
11709
14279
12572
8407
751
0
0
10058
16248
0
0
0
264
0
0
0
12397
12710
0
5573
1093
18278
11596
0
0
9840
8360
10201
2845
4621
0
0
1757
0
0
7209
10815
3028
0
0
9739
0
0
0
509
489
14440
0
0
13181
5892
0
16709
0
24480
1873
0
21545
2228
0
3343
0
3439
0
16190
0
5872
0
10
0
7808
23216
7294
0
0
15515
0
4734
9888
0
0
0
5290
0
0
0
20768
1466
2893
0
6024
6016
13338
0
0
17564
18208
24033
0
841
22235
0
0
9457
14535
10834
935
0
13268
0
2513
0
2457
0
6864
0
14892
5184
2336
0
7127
0
0
1770
10099
7
0
0
2226
13338
6881
0
0
4353
13737
5805
1924
9700
2065
0
10285
0
5308
0
10878
0
0
3475
1379
1552
0
634
5734

=== CHANNEL 12 ===
10634
2469
16389
1328
0
18570
3499
9474
0
3089
0
15716
13841
0
10299
13199
8791
11903
0
0
0
4105
29686
32074
17311
0
0
4944
6181
4886
4632
7956
15874
12933
102
0
16145
0
7406
20099
4904
4258
14342
13289
0
2469
0
0
0
0
23717
0
0
0
16326
0
0
0
16932
0
1833
9940
6806
17683
5172
14484
10985
35395
631
9832
9391
0
7175
8303
15542
13904
10272
0
5943
2865
0
8401
0
4932
0
1946
21302
0
0
16007
0
0
16417
6571
4476
0
509
0
0
6511
0
10603
0
16173
0
2010
0
12739
0
3597
12921
8906
0
0
31717
24081
0
0
289
0
0
16780
14832
9526
253
8606
11112
7871
15911
10597
4508
15899
13894
0
0
0
0
0
0
0
12164
0
16432
0
1438
12585
17726
21430
7007
0
19789
12431
0
0
0
0
11465
0
0
0
0
0
0
6802
18882
0
5641
10162
23214
15427
0
0
13269
0
0
0
0
0
0
6805
19143
7494
5862
0
8475
0
0
0
0
3546
5
0
22964
1287
4010
0
3829
0
18332
0
3949
0
18241
0
9212
16960
0
2999
3191
14092
0
2034
0
6441
0
23201
1381
0
13947
16394
16990
12174
19848
7497
4332
3746
10670
5880
19990
0
0
5961
0
1968
0
3756
22147
0
15153
13064
911
6013
6193
6024
4415
0
0
0
11508
474
626
0
13100
0
0
0
0
3729
8306
10803
2298
0
0
16906
6258
0
10842
1364
0
2120
3226
0
7454
14677
0
0
4886
0
0
0
0
0
17149
0
0
0
2967
0
0
15467
25164
0
14748
698
10542
15346
19669
9611
10932
0
2167
5957
0
5803
8281
7423
10331
0
15390
0
14449
0
0
0
0
12114
15703
10267
11764
5701
7622
18464
16797
13139
11605
31785
12635
6421
7023
0
0
0
14351
6465
3783
0
13297
16133
28601
6501
1600
977
21715
0
0
0
12343
5526
9140
16449
6342
0
0
0
0
13744
0
6677
11464
0
0
0
0
7975
0
18086
8453
0
0
21734
0
0
5102
0
0
2740
653
7282
13085
11741
2885
1084
20375
0
10169
1973
0
0
1102
0
0
0
10986
0
0
1756
12736
0
18004
0
0
13977
18061
332
24269
0
0
14071
584
25686
8747
0
0
7536
0
2990
0
0
26914
0
15243
0
31710
0
21268
0
7334
0
6267
8683
7164
6557
0
24695
0
0
16514
20552
0
0
15072
2267
3470
5958
13617
0
0
0
0
11712
10621
16161
8581
0
4689
0
0
0
17872
0
2317
0
0
0
0
0
0
4707
20264
981
0
0
5616
0
0
0
8725
5553
1669
5370
6610
7995
13162
0
9642
0
7871
0
6450
0
0
929
3562
10704
6576
0
4424
0
17809
19356
8141
10201
6
0
2136
0
0
11878
5479
0
0
0

=== CHANNEL 13 ===
5864
0
9339
6164
0
4107
3153
15871
11591
9040
0
34118
0
7007
0
6192
3275
18945
12417
5957
0
0
7434
0
22011
0
12252
10965
0
0
995
32335
7934
25260
5406
0
0
0
0
0
5943
0
8653
19819
8055
5489
0
2222
4419
0
0
0
17548
0
0
0
8031
2671
0
0
10731
6322
0
1704
8680
5558
0
923
11646
0
0
0
21841
1153
743
0
0
0
8664
5347
0
1592
11589
1361
447
4812
0
13122
0
4372
0
2998
0
17849
534
0
0
0
0
0
0
0
13642
22274
2806
9810
5251
0
8446
18832
1571
1515
15251
0
0
0
0
0
7496
4230
0
365
0
5659
0
10367
2512
6591
0
4752
10176
0
6436
3860
0
12573
0
0
3108
0
0
0
8918
0
7305
0
1658
0
1550
0
13219
0
6675
10685
10542
7286
195
0
4551
0
0
3908
17613
12699
0
0
0
0
0
20671
0
14263
0
7227
363
0
0
0
6905
0
0
0
0
0
0
0
12858
0
3967
0
0
12212
0
15
0
0
0
5645
7918
17722
0
9542
0
0
12978
25459
14585
0
4737
21285
11564
21622
0
13315
14013
8167
15848
0
0
0
0
23930
0
4326
0
0
0
1040
1318
3139
0
8870
1138
18192
10195
12163
4255
7608
4657
0
8132
6830
0
13222
0
0
3621
0
6246
0
10689
1807
7246
3508
6930
0
0
15732
15246
0
9281
11440
2644
6805
2954
534
0
0
13112
0
0
0
729
0
5000
6936
0
6241
7033
8067
11635
6064
3398
0
6356
4703
7890
17873
5231
21202
0
6931
0
0
14314
0
13273
2740
7571
0
5839
0
21650
16909
12034
3517
0
0
9874
12992
0
0
5161
0
17614
0
6930
12292
0
14376
16591
23
19354
0
30906
23339
0
18462
3103
0
8980
0
0
7505
4214
0
11124
9670
0
0
15914
0
846
3404
11034
7581
0
0
25557
0
5621
0
0
5035
11650
90
15766
12709
5473
0
10947
3790
0
0
5717
5108
5893
15027
6859
0
0
2790
0
0
0
0
10361
13807
0
2216
30860
0
8076
11711
0
6985
4899
0
326
0
2129
12461
2161
1173
874
0
0
0
6638
0
1979
0
0
0
18290
4851
0
0
15162
8620
0
2814
10224
176
13365
5653
11998
0
2895
1867
10186
0
0
0
0
0
0
7557
447
4468
0
4203
20260
8251
0
7089
0
0
0
6976
440
2420
0
0
0
13836
0
21375
1742
4414
1924
0
9947
10745
0
0
10005
57
0
0
8378
0
847
2005
2526
0
0
0
0
0
17399
0
12823
0
0
0
0
0
25495
8368
0
24966
0
0
10946
3774
5978
0
885
4856
5200
7519
10373
0
0
18818
0
0
0
11792
8264
0
376
0
6672
13388
11616
1790
0
4686
4080
0

=== CHANNEL 14 ===
5906
435
19107
0
0
0
0
13813
0
1099
2433
0
0
0
0
0
0
0
0
4478
0
0
0
0
12651
0
0
12202
12151
0
0
22579
0
13308
0
0
0
0
3188
0
15166
0
5700
21556
0
17548
0
9455
0
0
12253
9719
0
0
0
0
0
0
4259
0
2866
5826
0
0
4588
5484
0
0
0
0
0
0
0
3117
0
0
0
8650
10028
0
0
6636
0
6809
0
0
0
11331
0
0
6107
0
5209
0
0
0
0
0
0
0
0
10114
0
3337
0
8158
0
0
8091
0
0
0
14187
7881
10499
0
0
0
7787
7630
21289
3179
18648
0
0
0
0
0
0
509
5976
2365
14176
7998
0
0
0
0
12949
9126
0
0
0
0
0
5671
2481
0
0
0
0
0
0
5598
2538
0
0
1471
6914
0
0
13118
0
8007
0
0
3255
0
13708
0
0
0
0
0
3114
0
940
0
4782
0
2428
0
23096
0
0
0
2892
0
7648
0
0
0
0
0
1862
0
0
0
0
4695
0
4748
0
0
0
15514
14256
273
3350
4116
0
2171
0
0
20800
0
971
11082
0
0
0
0
0
0
9567
0
7542
0
0
0
0
0
3375
0
0
0
0
10000
27510
0
22703
12524
0
4382
0
1463
5927
4062
7205
0
3831
0
1962
6221
0
0
0
0
0
0
15763
0
921
0
0
0
9587
0
0
0
8254
0
6694
0
2934
2811
0
0
21575
7550
5505
0
15493
0
0
0
4120
0
0
4762
0
0
0
0
18908
0
3695
1093
0
2093
9203
5821
1265
18002
0
0
0
0
0
0
0
0
0
3108
2103
0
0
4080
0
6908
6944
0
0
20606
0
0
6949
0
6478
0
21114
2325
0
0
0
0
2105
60
0
12200
0
0
0
10668
0
0
0
0
19314
17818
0
0
0
0
1946
1211
0
9215
7995
3413
0
0
0
0
510
0
0
1238
0
11981
17073
0
0
0
3996
6886
0
0
0
788
19574
5360
0
7261
0
0
0
1373
0
0
10919
0
0
0
3402
0
5753
0
0
0
15817
0
0
0
0
4790
12428
0
5653
7742
0
0
27192
25750
0
1728
2965
5474
0
0
44543
1886
0
0
0
0
0
0
0
0
0
0
14238
15992
0
0
0
0
0
6444
0
0
633
0
15097
0
0
7265
2699
1825
0
0
15243
0
0
0
0
0
9223
5381
0
0
3786
0
0
0
0
0
21563
0
0
0
0
0
0
0
0
0
10937
1511
0
0
0
2539
2448
0
4279
0
6856
4607
5879
7252
0
0
0
0
0
0
0
15192
0
0
16257
0
7206
0
297
0
879
0
26772
11746

=== CHANNEL 15 ===
0
2327
9288
0
0
0
7293
5718
0
1723
0
0
0
23462
0
12271
21898
8565
0
0
0
0
0
14001
2331
0
0
2442
0
15560
12585
6954
9177
5047
0
0
21812
0
2217
0
0
2325
20633
15515
0
0
0
25397
3492
0
7446
1457
3895
0
1305
11192
0
1239
2261
1668
18813
0
4569
0
3094
2772
2860
10941
2895
3884
2492
23574
15358
16348
1395
0
10684
9386
6027
0
7547
5866
0
5458
16599
0
0
0
0
1279
0
16850
0
0
0
8686
0
0
0
0
14034
0
0
12459
10671
0
10433
0
2276
13592
3598
18435
11195
24249
16792
1322
29149
0
10164
8053
14143
0
0
0
0
5489
8482
19796
0
12890
0
7275
546
0
3961
0
248
0
11536
14647
0
0
14304
0
7593
0
2786
7034
5956
12972
23202
0
4448
0
0
3895
12300
3312
0
0
226
0
12739
44
9405
7683
0
0
8605
0
0
20022
8202
13175
11419
0
7035
0
15230
23637
0
4060
5756
1256
0
6809
7014
12759
17780
0
0
0
0
0
5771
0
23632
0
5296
6186
6650
0
0
19538
11574
11371
0
2264
25229
0
0
8047
0
32681
17462
0
31904
9383
0
0
14225
10235
6220
0
0
0
0
0
14617
0
23909
0
27860
3838
0
0
2442
13879
3963
5865
8037
2167
584
0
7207
0
0
5357
4283
0
10253
5032
11638
1012
12196
92
0
0
11897
0
0
8695
2582
0
0
7679
18541
3354
0
10612
2502
1620
0
0
0
15462
21210
11677
23144
0
0
1989
0
0
3254
0
9930
0
0
0
0
7051
6821
10904
0
10327
0
0
0
0
12036
2364
3422
14894
22601
2178
5602
0
6836
0
18299
1896
0
16647
0
5459
5960
0
0
21010
0
182
21655
11164
0
28863
0
12133
15439
0
0
541
0
11219
11730
15683
2472
14020
4154
18500
0
0
7561
0
2428
8641
1916
10868
9513
12493
0
0
6112
0
0
0
0
0
18478
8111
13157
0
0
3472
0
17919
18654
10998
18419
15088
5094
0
12004
686
20673
0
0
0
0
0
0
8125
21810
0
0
9391
20953
4516
17896
0
1354
0
0
0
0
2465
1041
14121
9817
16657
0
6465
11342
4437
0
0
8084
0
16129
16866
0
11719
6839
575
12139
54
0
0
0
13764
8742
0
0
0
0
0
10533
8100
15616
337
7889
0
22932
821
1702
15717
0
13786
23024
15639
26894
8993
5246
4618
27706
0
1592
418
4136
0
0
3373
15067
0
2190
0
20605
13399
0
11329
4366
0
0
0
14957
2342
0
10675
0
7193
0
2205
26038
0
0
0
0
14197
7424
20934
0
0
4178
17898
0
5314
12659
1309
0
8703
0
5340
11762
893
15302
0
0
0
1327
10513
25425
23682
15066
9384
0
7543
0
0
4342
0
0
1626

=============================================================
